1,-1,153.71,63.06,118.14,55.21,0.90,-1,-1,-1
1,-1,0.00,0.34,55.24,40.60,0.87,-1,-1,-1
1,-1,208.26,22.03,57.03,33.97,0.75,-1,-1,-1
2,-1,146.90,61.38,117.98,54.25,0.89,-1,-1,-1
2,-1,0.00,0.67,52.13,38.73,0.84,-1,-1,-1
2,-1,208.23,21.93,57.10,33.98,0.78,-1,-1,-1
3,-1,139.97,59.10,117.44,54.86,0.90,-1,-1,-1
3,-1,0.00,0.00,48.27,38.13,0.85,-1,-1,-1
3,-1,208.08,21.84,57.12,34.24,0.76,-1,-1,-1
4,-1,134.49,55.27,114.93,56.48,0.86,-1,-1,-1
4,-1,0.00,0.00,44.69,37.00,0.81,-1,-1,-1
4,-1,208.11,21.83,57.16,34.17,0.76,-1,-1,-1
5,-1,127.35,53.59,114.84,56.36,0.89,-1,-1,-1
5,-1,0.00,0.00,42.40,35.49,0.80,-1,-1,-1
5,-1,208.03,21.81,57.29,33.95,0.79,-1,-1,-1
6,-1,123.68,52.19,110.17,55.93,0.82,-1,-1,-1
6,-1,208.20,21.75,57.03,34.02,0.77,-1,-1,-1
6,-1,0.00,0.00,39.39,34.25,0.72,-1,-1,-1
7,-1,117.38,50.85,108.65,53.69,0.83,-1,-1,-1
7,-1,208.33,21.83,56.97,33.77,0.79,-1,-1,-1
7,-1,0.00,0.00,35.79,33.01,0.75,-1,-1,-1
8,-1,113.63,50.01,102.34,51.89,0.86,-1,-1,-1
8,-1,208.48,21.93,56.85,33.62,0.81,-1,-1,-1
8,-1,0.00,0.00,32.40,32.09,0.79,-1,-1,-1
9,-1,208.47,21.89,56.86,33.78,0.79,-1,-1,-1
9,-1,106.43,47.80,106.67,51.57,0.79,-1,-1,-1
9,-1,0.00,0.00,30.12,30.84,0.73,-1,-1,-1
10,-1,100.16,45.86,106.69,52.99,0.84,-1,-1,-1
10,-1,0.61,0.14,25.35,30.00,0.82,-1,-1,-1
10,-1,208.49,21.89,56.85,33.88,0.76,-1,-1,-1
11,-1,0.00,0.00,23.34,27.80,0.81,-1,-1,-1
11,-1,94.89,44.31,104.82,52.55,0.77,-1,-1,-1
11,-1,208.53,21.90,56.83,33.88,0.76,-1,-1,-1
12,-1,91.20,42.38,102.04,52.17,0.84,-1,-1,-1
12,-1,0.00,0.00,21.02,26.65,0.77,-1,-1,-1
12,-1,208.50,21.81,56.91,33.98,0.75,-1,-1,-1
13,-1,85.90,41.12,101.29,50.82,0.88,-1,-1,-1
13,-1,208.45,21.81,56.96,34.03,0.75,-1,-1,-1
13,-1,0.01,0.00,17.45,25.81,0.63,-1,-1,-1
14,-1,80.94,39.24,100.61,50.06,0.74,-1,-1,-1
14,-1,208.51,21.78,56.91,34.10,0.74,-1,-1,-1
14,-1,0.27,0.00,14.17,23.80,0.69,-1,-1,-1
15,-1,75.65,37.21,98.16,49.54,0.79,-1,-1,-1
15,-1,208.50,21.84,56.81,34.09,0.72,-1,-1,-1
15,-1,0.25,0.19,12.64,22.40,0.57,-1,-1,-1
16,-1,72.63,35.33,95.34,49.26,0.84,-1,-1,-1
16,-1,208.35,21.91,56.88,34.14,0.71,-1,-1,-1
17,-1,68.68,34.58,94.01,48.92,0.86,-1,-1,-1
17,-1,208.34,21.90,56.87,34.17,0.71,-1,-1,-1
18,-1,63.31,33.17,93.88,48.35,0.90,-1,-1,-1
18,-1,208.28,21.90,56.95,34.16,0.72,-1,-1,-1
19,-1,58.78,32.09,92.27,47.97,0.86,-1,-1,-1
19,-1,208.30,21.89,56.93,34.26,0.71,-1,-1,-1
19,-1,96.40,360.16,137.81,98.57,0.51,-1,-1,-1
20,-1,55.39,29.75,91.64,48.44,0.83,-1,-1,-1
20,-1,208.32,21.87,56.88,34.25,0.71,-1,-1,-1
20,-1,96.50,360.06,137.86,98.46,0.56,-1,-1,-1
21,-1,51.30,27.81,93.18,48.05,0.80,-1,-1,-1
21,-1,208.37,21.84,56.84,34.27,0.69,-1,-1,-1
21,-1,96.29,359.88,138.25,98.75,0.54,-1,-1,-1
22,-1,46.29,25.68,89.88,49.24,0.71,-1,-1,-1
22,-1,208.41,21.83,56.77,34.29,0.69,-1,-1,-1
22,-1,96.17,361.68,139.78,97.73,0.58,-1,-1,-1
23,-1,43.66,24.09,86.96,48.83,0.80,-1,-1,-1
23,-1,208.39,21.86,56.78,34.24,0.69,-1,-1,-1
23,-1,96.22,361.69,139.87,97.74,0.64,-1,-1,-1
24,-1,40.59,23.41,86.20,46.91,0.80,-1,-1,-1
24,-1,208.36,21.89,56.80,34.21,0.69,-1,-1,-1
24,-1,96.03,361.44,140.19,97.89,0.66,-1,-1,-1
25,-1,36.30,22.67,83.89,45.68,0.86,-1,-1,-1
25,-1,208.38,21.89,56.81,34.12,0.73,-1,-1,-1
25,-1,96.44,361.08,138.53,96.57,0.59,-1,-1,-1
26,-1,34.87,20.80,82.27,45.99,0.73,-1,-1,-1
26,-1,208.42,21.87,56.76,34.13,0.72,-1,-1,-1
26,-1,96.61,361.23,138.51,96.42,0.59,-1,-1,-1
27,-1,31.18,19.50,81.13,46.89,0.78,-1,-1,-1
27,-1,208.43,21.87,56.74,34.10,0.71,-1,-1,-1
27,-1,96.30,360.77,139.93,98.52,0.54,-1,-1,-1
28,-1,29.76,19.62,78.16,45.08,0.85,-1,-1,-1
28,-1,208.41,21.85,56.76,34.13,0.72,-1,-1,-1
28,-1,96.32,360.53,140.08,98.77,0.63,-1,-1,-1
29,-1,208.42,21.87,56.75,34.09,0.72,-1,-1,-1
29,-1,24.49,17.71,78.51,45.94,0.63,-1,-1,-1
29,-1,96.01,360.12,140.43,99.35,0.61,-1,-1,-1
30,-1,21.49,16.00,77.93,45.44,0.73,-1,-1,-1
30,-1,208.43,21.87,56.71,34.07,0.72,-1,-1,-1
31,-1,208.43,21.87,56.72,34.08,0.72,-1,-1,-1
31,-1,19.50,14.65,74.63,43.75,0.64,-1,-1,-1
31,-1,608.59,191.57,31.30,42.51,0.63,-1,-1,-1
31,-1,96.64,359.28,138.14,99.38,0.58,-1,-1,-1
32,-1,208.45,21.85,56.69,34.10,0.72,-1,-1,-1
32,-1,15.64,12.36,74.92,45.08,0.69,-1,-1,-1
32,-1,95.78,360.40,140.67,99.24,0.57,-1,-1,-1
33,-1,208.44,21.85,56.72,34.14,0.72,-1,-1,-1
33,-1,585.23,184.60,54.67,47.54,0.71,-1,-1,-1
33,-1,12.72,11.92,75.05,42.70,0.68,-1,-1,-1
33,-1,95.78,359.93,140.50,99.68,0.55,-1,-1,-1
34,-1,574.61,177.96,65.39,53.57,0.84,-1,-1,-1
34,-1,208.43,21.85,56.71,34.09,0.73,-1,-1,-1
34,-1,10.11,10.98,73.44,42.14,0.72,-1,-1,-1
34,-1,95.64,359.51,140.66,99.63,0.62,-1,-1,-1
35,-1,562.43,174.63,77.19,55.72,0.87,-1,-1,-1
35,-1,8.47,9.74,71.27,42.04,0.80,-1,-1,-1
35,-1,208.45,21.85,56.68,34.09,0.73,-1,-1,-1
35,-1,95.61,359.53,140.84,99.59,0.61,-1,-1,-1
36,-1,550.37,172.25,89.60,57.99,0.84,-1,-1,-1
36,-1,5.92,8.81,70.45,42.20,0.74,-1,-1,-1
36,-1,208.45,21.85,56.68,34.08,0.72,-1,-1,-1
36,-1,95.54,358.86,140.96,100.36,0.67,-1,-1,-1
37,-1,540.41,172.18,99.01,59.46,0.87,-1,-1,-1
37,-1,208.45,21.86,56.68,34.06,0.73,-1,-1,-1
37,-1,95.42,359.71,140.96,99.23,0.62,-1,-1,-1
37,-1,3.06,6.18,70.51,44.09,0.59,-1,-1,-1
38,-1,527.81,169.79,111.92,62.87,0.90,-1,-1,-1
38,-1,1.99,5.28,67.06,43.39,0.76,-1,-1,-1
38,-1,208.44,21.87,56.68,34.03,0.73,-1,-1,-1
38,-1,95.30,359.52,140.99,99.34,0.62,-1,-1,-1
39,-1,516.85,164.18,122.95,71.68,0.89,-1,-1,-1
39,-1,0.00,3.65,68.32,44.09,0.80,-1,-1,-1
39,-1,208.43,21.87,56.70,34.02,0.73,-1,-1,-1
39,-1,95.61,359.33,140.94,99.60,0.58,-1,-1,-1
40,-1,505.28,162.26,134.72,71.44,0.88,-1,-1,-1
40,-1,0.00,3.26,63.24,42.64,0.75,-1,-1,-1
40,-1,208.42,21.88,56.70,34.02,0.74,-1,-1,-1
40,-1,95.88,359.67,140.78,99.16,0.62,-1,-1,-1
41,-1,499.61,159.43,140.39,72.98,0.89,-1,-1,-1
41,-1,0.00,2.65,59.46,41.96,0.81,-1,-1,-1
41,-1,208.41,21.89,56.71,34.01,0.73,-1,-1,-1
41,-1,95.62,359.81,141.26,98.94,0.51,-1,-1,-1
42,-1,484.81,155.57,154.22,70.89,0.91,-1,-1,-1
42,-1,0.00,1.95,56.79,42.58,0.78,-1,-1,-1
42,-1,208.41,21.87,56.72,34.04,0.74,-1,-1,-1
43,-1,473.35,154.06,159.92,70.13,0.90,-1,-1,-1
43,-1,0.00,0.12,54.37,42.24,0.73,-1,-1,-1
43,-1,208.42,21.87,56.71,34.05,0.73,-1,-1,-1
44,-1,463.09,149.05,155.81,72.31,0.88,-1,-1,-1
44,-1,208.40,21.87,56.74,34.06,0.73,-1,-1,-1
44,-1,0.00,0.53,52.12,39.30,0.72,-1,-1,-1
44,-1,95.23,359.55,141.79,99.11,0.53,-1,-1,-1
45,-1,451.69,146.32,158.32,70.12,0.89,-1,-1,-1
45,-1,0.00,0.25,49.00,38.92,0.76,-1,-1,-1
45,-1,208.40,21.87,56.76,34.06,0.73,-1,-1,-1
46,-1,440.58,144.54,155.89,68.84,0.88,-1,-1,-1
46,-1,0.00,0.03,45.60,37.72,0.76,-1,-1,-1
46,-1,208.39,21.88,56.79,34.04,0.73,-1,-1,-1
47,-1,430.98,141.29,154.98,70.28,0.88,-1,-1,-1
47,-1,0.00,0.00,43.27,36.53,0.77,-1,-1,-1
47,-1,208.41,21.85,56.82,34.06,0.73,-1,-1,-1
48,-1,419.75,138.78,153.30,68.96,0.90,-1,-1,-1
48,-1,0.00,0.00,41.46,35.55,0.79,-1,-1,-1
48,-1,208.38,21.82,56.89,34.06,0.73,-1,-1,-1
49,-1,413.54,136.81,148.43,68.21,0.90,-1,-1,-1
49,-1,208.40,21.81,56.85,34.10,0.72,-1,-1,-1
49,-1,0.00,0.00,39.08,34.48,0.67,-1,-1,-1
49,-1,95.08,359.39,141.63,99.20,0.55,-1,-1,-1
50,-1,399.78,132.06,153.44,69.67,0.90,-1,-1,-1
50,-1,208.42,21.76,56.84,34.17,0.72,-1,-1,-1
50,-1,0.00,0.00,36.26,33.71,0.56,-1,-1,-1
50,-1,95.09,359.54,141.70,99.03,0.51,-1,-1,-1
51,-1,391.69,129.68,152.71,68.39,0.90,-1,-1,-1
51,-1,208.43,21.76,56.86,34.20,0.71,-1,-1,-1
51,-1,0.00,0.00,32.52,33.44,0.64,-1,-1,-1
51,-1,95.03,360.17,141.70,98.49,0.56,-1,-1,-1
52,-1,378.14,126.66,154.39,69.14,0.89,-1,-1,-1
52,-1,208.41,21.77,56.84,34.17,0.72,-1,-1,-1
52,-1,0.00,0.00,30.39,31.97,0.63,-1,-1,-1
52,-1,94.95,360.21,141.94,98.34,0.61,-1,-1,-1
53,-1,368.41,123.11,152.31,68.39,0.87,-1,-1,-1
53,-1,0.00,0.00,29.75,29.85,0.74,-1,-1,-1
53,-1,208.41,21.77,56.85,34.17,0.72,-1,-1,-1
53,-1,95.14,359.60,141.93,98.94,0.59,-1,-1,-1
54,-1,357.00,121.00,154.67,67.55,0.92,-1,-1,-1
54,-1,208.39,21.73,56.89,34.22,0.74,-1,-1,-1
54,-1,0.00,0.35,27.66,28.42,0.68,-1,-1,-1
54,-1,95.17,359.40,141.96,99.22,0.58,-1,-1,-1
55,-1,347.83,117.11,152.23,68.91,0.90,-1,-1,-1
55,-1,0.00,0.00,25.72,27.59,0.75,-1,-1,-1
55,-1,208.37,21.73,56.93,34.24,0.74,-1,-1,-1
55,-1,95.05,359.44,142.04,99.17,0.58,-1,-1,-1
56,-1,337.75,114.73,151.68,67.15,0.87,-1,-1,-1
56,-1,208.40,21.73,56.87,34.28,0.73,-1,-1,-1
56,-1,0.00,0.00,23.71,26.84,0.69,-1,-1,-1
56,-1,95.24,359.43,141.94,99.36,0.63,-1,-1,-1
57,-1,328.49,113.27,152.85,65.15,0.90,-1,-1,-1
57,-1,208.37,21.73,56.93,34.32,0.74,-1,-1,-1
57,-1,94.90,360.32,142.14,98.41,0.65,-1,-1,-1
57,-1,0.00,0.00,21.22,25.77,0.64,-1,-1,-1
58,-1,317.35,111.75,151.34,64.90,0.91,-1,-1,-1
58,-1,208.36,21.75,56.92,34.26,0.75,-1,-1,-1
58,-1,0.14,0.00,17.71,24.40,0.65,-1,-1,-1
58,-1,95.13,359.48,142.09,99.25,0.58,-1,-1,-1
59,-1,307.71,109.92,150.58,64.97,0.91,-1,-1,-1
59,-1,208.38,21.73,56.88,34.26,0.75,-1,-1,-1
59,-1,0.28,0.00,15.81,23.48,0.71,-1,-1,-1
59,-1,94.77,360.45,142.14,98.44,0.55,-1,-1,-1
60,-1,298.68,105.87,150.45,65.63,0.91,-1,-1,-1
60,-1,208.36,21.68,56.95,34.33,0.75,-1,-1,-1
60,-1,0.09,0.07,14.17,21.68,0.72,-1,-1,-1
60,-1,95.18,359.62,141.61,99.29,0.57,-1,-1,-1
61,-1,290.24,104.53,149.42,63.94,0.90,-1,-1,-1
61,-1,208.36,21.70,56.97,34.34,0.76,-1,-1,-1
61,-1,0.07,0.00,13.16,20.37,0.65,-1,-1,-1
61,-1,95.10,359.33,141.88,99.27,0.61,-1,-1,-1
62,-1,281.15,101.33,147.32,63.50,0.90,-1,-1,-1
62,-1,208.35,21.73,56.98,34.28,0.76,-1,-1,-1
62,-1,95.14,359.29,141.95,99.50,0.64,-1,-1,-1
62,-1,0.08,0.99,11.30,18.18,0.57,-1,-1,-1
63,-1,272.96,99.18,145.42,64.28,0.92,-1,-1,-1
63,-1,208.34,21.64,57.07,34.34,0.74,-1,-1,-1
63,-1,95.26,359.25,141.83,99.62,0.67,-1,-1,-1
64,-1,263.45,97.99,146.00,61.96,0.90,-1,-1,-1
64,-1,208.41,21.63,56.94,34.38,0.71,-1,-1,-1
64,-1,95.12,359.19,141.97,99.67,0.68,-1,-1,-1
65,-1,253.51,95.43,146.02,60.60,0.91,-1,-1,-1
65,-1,208.37,21.64,56.99,34.38,0.72,-1,-1,-1
65,-1,95.01,359.16,142.13,99.62,0.70,-1,-1,-1
66,-1,244.26,92.80,146.99,60.90,0.89,-1,-1,-1
66,-1,94.88,359.10,142.36,99.59,0.74,-1,-1,-1
66,-1,208.42,21.65,56.87,34.28,0.70,-1,-1,-1
67,-1,235.73,90.34,144.36,59.88,0.90,-1,-1,-1
67,-1,94.94,359.24,142.18,99.41,0.70,-1,-1,-1
67,-1,208.42,21.66,56.92,34.34,0.70,-1,-1,-1
67,-1,0.00,37.17,20.02,46.49,0.64,-1,-1,-1
68,-1,228.70,87.99,141.48,59.82,0.90,-1,-1,-1
68,-1,208.43,21.60,56.97,34.43,0.72,-1,-1,-1
68,-1,94.89,359.14,142.19,99.61,0.65,-1,-1,-1
68,-1,0.06,38.50,22.78,46.65,0.54,-1,-1,-1
69,-1,222.90,84.88,138.30,61.63,0.89,-1,-1,-1
69,-1,208.44,21.61,57.00,34.45,0.72,-1,-1,-1
69,-1,95.11,359.22,141.93,99.50,0.66,-1,-1,-1
69,-1,0.00,30.92,26.46,54.50,0.65,-1,-1,-1
70,-1,211.64,82.52,140.27,61.40,0.87,-1,-1,-1
70,-1,0.00,29.23,30.59,58.24,0.81,-1,-1,-1
70,-1,208.39,21.55,57.09,34.53,0.70,-1,-1,-1
70,-1,95.00,359.11,142.03,99.71,0.60,-1,-1,-1
71,-1,204.88,82.94,133.62,57.78,0.89,-1,-1,-1
71,-1,208.47,21.64,56.90,34.50,0.70,-1,-1,-1
71,-1,0.00,27.92,33.14,58.31,0.57,-1,-1,-1
71,-1,96.15,360.43,138.99,96.87,0.54,-1,-1,-1
72,-1,197.61,80.53,136.52,58.63,0.89,-1,-1,-1
72,-1,208.53,21.71,56.84,34.28,0.72,-1,-1,-1
72,-1,0.22,31.36,36.04,57.01,0.65,-1,-1,-1
72,-1,95.07,359.27,142.05,99.53,0.55,-1,-1,-1
73,-1,190.14,76.53,136.09,59.15,0.91,-1,-1,-1
73,-1,208.49,21.79,56.88,34.07,0.78,-1,-1,-1
73,-1,0.00,31.92,40.08,59.28,0.70,-1,-1,-1
74,-1,182.96,75.08,133.73,57.72,0.89,-1,-1,-1
74,-1,208.51,21.78,56.88,34.05,0.75,-1,-1,-1
74,-1,0.06,30.39,43.38,62.87,0.73,-1,-1,-1
74,-1,95.13,359.33,142.02,99.52,0.53,-1,-1,-1
75,-1,173.28,72.61,134.33,58.10,0.88,-1,-1,-1
75,-1,0.25,29.90,46.46,64.18,0.78,-1,-1,-1
75,-1,208.37,21.76,57.16,34.00,0.72,-1,-1,-1
75,-1,95.04,359.35,142.00,99.50,0.57,-1,-1,-1
76,-1,169.52,69.66,129.88,58.54,0.91,-1,-1,-1
76,-1,208.30,21.68,57.08,34.15,0.76,-1,-1,-1
76,-1,0.31,31.82,51.60,63.18,0.69,-1,-1,-1
76,-1,95.11,359.43,141.95,99.39,0.56,-1,-1,-1
77,-1,161.56,67.33,129.69,57.71,0.91,-1,-1,-1
77,-1,0.23,30.56,54.59,66.04,0.81,-1,-1,-1
77,-1,208.27,21.71,56.99,34.12,0.78,-1,-1,-1
78,-1,154.84,66.15,127.79,56.03,0.91,-1,-1,-1
78,-1,208.17,21.79,57.05,34.17,0.81,-1,-1,-1
78,-1,0.00,29.93,57.97,67.97,0.80,-1,-1,-1
78,-1,94.93,359.36,142.25,99.45,0.56,-1,-1,-1
79,-1,146.49,63.46,129.67,55.53,0.91,-1,-1,-1
79,-1,208.06,21.73,57.22,34.19,0.81,-1,-1,-1
79,-1,0.00,30.14,62.31,70.16,0.75,-1,-1,-1
79,-1,94.76,359.16,142.41,99.61,0.58,-1,-1,-1
80,-1,141.24,60.90,127.32,55.13,0.89,-1,-1,-1
80,-1,207.99,21.60,57.40,34.16,0.80,-1,-1,-1
80,-1,0.00,29.52,65.65,72.63,0.69,-1,-1,-1
80,-1,94.96,359.25,142.36,99.55,0.55,-1,-1,-1
81,-1,135.12,58.26,124.48,56.06,0.90,-1,-1,-1
81,-1,208.03,21.49,57.41,34.26,0.80,-1,-1,-1
81,-1,0.00,30.17,69.81,73.78,0.75,-1,-1,-1
81,-1,94.96,359.14,142.37,99.74,0.65,-1,-1,-1
82,-1,128.91,55.85,125.72,56.93,0.82,-1,-1,-1
82,-1,208.12,21.46,57.35,34.40,0.80,-1,-1,-1
82,-1,0.00,30.85,73.36,74.04,0.79,-1,-1,-1
82,-1,95.00,359.09,142.39,99.75,0.68,-1,-1,-1
83,-1,123.05,53.97,123.65,57.53,0.89,-1,-1,-1
83,-1,208.10,21.52,57.27,34.45,0.79,-1,-1,-1
83,-1,0.00,31.65,78.37,74.46,0.74,-1,-1,-1
83,-1,95.12,359.22,142.30,99.62,0.61,-1,-1,-1
84,-1,117.97,53.02,118.97,55.55,0.86,-1,-1,-1
84,-1,0.00,33.19,82.01,74.24,0.81,-1,-1,-1
84,-1,208.13,21.54,57.23,34.36,0.78,-1,-1,-1
84,-1,95.16,359.23,142.17,99.70,0.55,-1,-1,-1
85,-1,111.60,51.46,119.05,54.75,0.90,-1,-1,-1
85,-1,0.00,33.51,86.16,75.25,0.86,-1,-1,-1
85,-1,208.21,21.67,57.19,34.15,0.80,-1,-1,-1
85,-1,614.07,186.46,25.87,53.63,0.68,-1,-1,-1
85,-1,95.23,359.12,142.23,99.85,0.59,-1,-1,-1
86,-1,105.06,49.91,118.08,52.81,0.91,-1,-1,-1
86,-1,0.00,34.94,89.49,75.70,0.83,-1,-1,-1
86,-1,208.08,21.67,57.39,34.29,0.80,-1,-1,-1
86,-1,600.72,184.42,38.98,54.40,0.78,-1,-1,-1
86,-1,95.15,359.19,142.21,99.81,0.58,-1,-1,-1
87,-1,101.28,48.36,115.77,52.16,0.88,-1,-1,-1
87,-1,0.00,34.49,94.19,78.25,0.81,-1,-1,-1
87,-1,208.25,21.68,57.17,34.35,0.80,-1,-1,-1
87,-1,587.61,177.90,52.35,57.78,0.76,-1,-1,-1
87,-1,95.16,359.13,142.19,99.83,0.58,-1,-1,-1
88,-1,95.84,47.40,113.98,51.49,0.88,-1,-1,-1
88,-1,0.00,36.68,98.87,78.56,0.88,-1,-1,-1
88,-1,575.17,173.27,64.72,58.84,0.80,-1,-1,-1
88,-1,208.20,21.68,57.24,34.49,0.78,-1,-1,-1
88,-1,95.17,359.06,142.32,99.90,0.58,-1,-1,-1
89,-1,0.00,39.08,103.49,77.06,0.88,-1,-1,-1
89,-1,90.76,44.31,112.94,52.71,0.85,-1,-1,-1
89,-1,561.39,168.55,78.61,62.55,0.84,-1,-1,-1
89,-1,208.16,21.62,57.28,34.64,0.77,-1,-1,-1
89,-1,95.26,359.10,142.25,99.87,0.57,-1,-1,-1
90,-1,0.00,40.26,107.73,77.59,0.89,-1,-1,-1
90,-1,86.46,43.62,111.12,51.16,0.86,-1,-1,-1
90,-1,547.62,164.50,92.06,65.69,0.80,-1,-1,-1
90,-1,208.26,21.60,57.10,34.65,0.76,-1,-1,-1
90,-1,95.36,358.92,142.12,100.06,0.56,-1,-1,-1
91,-1,0.00,40.76,111.86,78.51,0.90,-1,-1,-1
91,-1,82.91,42.46,107.76,49.25,0.90,-1,-1,-1
91,-1,533.92,161.04,105.92,75.35,0.83,-1,-1,-1
91,-1,208.30,21.60,57.05,34.64,0.77,-1,-1,-1
91,-1,96.81,360.14,138.69,97.20,0.51,-1,-1,-1
92,-1,0.00,42.91,115.07,77.97,0.88,-1,-1,-1
92,-1,521.34,158.28,117.48,82.38,0.88,-1,-1,-1
92,-1,76.57,40.90,108.29,49.89,0.87,-1,-1,-1
92,-1,208.27,21.62,57.07,34.59,0.75,-1,-1,-1
92,-1,94.80,359.67,142.63,99.26,0.56,-1,-1,-1
93,-1,0.00,44.65,119.17,77.26,0.91,-1,-1,-1
93,-1,508.14,155.99,131.86,81.64,0.87,-1,-1,-1
93,-1,72.21,38.90,106.93,49.43,0.87,-1,-1,-1
93,-1,208.27,21.63,57.07,34.54,0.75,-1,-1,-1
93,-1,96.74,360.20,138.83,96.97,0.51,-1,-1,-1
94,-1,69.25,36.87,102.74,49.36,0.86,-1,-1,-1
94,-1,1.24,46.11,120.97,77.72,0.82,-1,-1,-1
94,-1,495.68,151.61,144.32,80.96,0.76,-1,-1,-1
94,-1,208.27,21.61,57.09,34.63,0.73,-1,-1,-1
94,-1,95.28,358.94,142.23,100.07,0.51,-1,-1,-1
95,-1,5.31,45.42,125.02,80.65,0.89,-1,-1,-1
95,-1,66.70,35.32,99.28,48.42,0.87,-1,-1,-1
95,-1,482.24,148.88,156.18,79.91,0.80,-1,-1,-1
95,-1,208.26,21.65,57.11,34.59,0.76,-1,-1,-1
95,-1,95.23,358.90,142.36,100.16,0.52,-1,-1,-1
96,-1,7.27,46.29,128.64,81.35,0.92,-1,-1,-1
96,-1,58.51,33.00,102.28,48.04,0.83,-1,-1,-1
96,-1,469.23,143.63,160.34,82.99,0.80,-1,-1,-1
96,-1,208.23,21.68,57.14,34.55,0.75,-1,-1,-1
97,-1,11.00,47.26,130.88,82.67,0.91,-1,-1,-1
97,-1,55.52,31.80,99.64,47.42,0.84,-1,-1,-1
97,-1,456.86,141.32,158.05,80.94,0.77,-1,-1,-1
97,-1,208.20,21.65,57.19,34.63,0.74,-1,-1,-1
97,-1,96.55,360.32,139.22,97.02,0.51,-1,-1,-1
98,-1,443.93,138.74,156.94,79.66,0.89,-1,-1,-1
98,-1,14.81,48.63,131.61,83.44,0.89,-1,-1,-1
98,-1,53.31,30.07,97.29,46.82,0.79,-1,-1,-1
98,-1,208.25,21.66,57.16,34.63,0.74,-1,-1,-1
98,-1,96.52,360.22,139.19,97.11,0.53,-1,-1,-1
99,-1,19.45,51.98,131.19,82.34,0.89,-1,-1,-1
99,-1,431.83,135.28,157.19,79.88,0.86,-1,-1,-1
99,-1,208.18,21.62,57.26,34.62,0.74,-1,-1,-1
99,-1,47.83,27.82,99.15,46.92,0.72,-1,-1,-1
99,-1,95.16,358.91,142.55,100.04,0.60,-1,-1,-1
100,-1,22.47,53.84,131.96,81.60,0.91,-1,-1,-1
100,-1,420.79,132.07,153.70,78.55,0.86,-1,-1,-1
100,-1,43.04,26.67,96.29,46.57,0.77,-1,-1,-1
100,-1,208.24,21.58,57.20,34.59,0.74,-1,-1,-1
100,-1,95.12,358.95,142.65,100.04,0.65,-1,-1,-1
101,-1,26.61,54.69,133.19,81.98,0.91,-1,-1,-1
101,-1,408.21,127.37,155.05,80.58,0.90,-1,-1,-1
101,-1,39.30,26.26,94.75,42.72,0.77,-1,-1,-1
101,-1,208.27,21.56,57.18,34.61,0.76,-1,-1,-1
101,-1,95.18,358.93,142.70,100.03,0.67,-1,-1,-1
102,-1,29.88,56.68,135.30,82.00,0.92,-1,-1,-1
102,-1,397.14,125.87,154.35,78.97,0.87,-1,-1,-1
102,-1,208.30,21.52,57.15,34.65,0.76,-1,-1,-1
102,-1,35.33,24.00,94.16,43.51,0.75,-1,-1,-1
102,-1,95.07,359.10,142.81,99.79,0.61,-1,-1,-1
103,-1,33.97,57.63,136.58,83.34,0.91,-1,-1,-1
103,-1,31.80,22.36,92.17,40.88,0.80,-1,-1,-1
103,-1,208.28,21.57,57.17,34.57,0.74,-1,-1,-1
103,-1,384.30,122.53,154.11,76.95,0.70,-1,-1,-1
104,-1,38.18,58.62,137.25,83.43,0.92,-1,-1,-1
104,-1,372.55,118.92,154.78,77.23,0.84,-1,-1,-1
104,-1,28.29,21.54,90.42,39.55,0.81,-1,-1,-1
104,-1,208.28,21.53,57.18,34.65,0.75,-1,-1,-1
104,-1,95.02,359.18,142.77,99.71,0.52,-1,-1,-1
105,-1,42.90,60.46,138.37,84.11,0.93,-1,-1,-1
105,-1,26.29,20.33,86.63,40.09,0.85,-1,-1,-1
105,-1,362.77,114.78,152.17,77.40,0.84,-1,-1,-1
105,-1,208.31,21.53,57.14,34.59,0.76,-1,-1,-1
105,-1,94.81,360.11,142.88,98.73,0.52,-1,-1,-1
106,-1,46.39,62.08,139.92,84.14,0.93,-1,-1,-1
106,-1,350.62,112.94,152.06,77.30,0.90,-1,-1,-1
106,-1,22.57,18.58,86.89,42.57,0.86,-1,-1,-1
106,-1,208.29,21.53,57.17,34.61,0.76,-1,-1,-1
106,-1,94.81,359.87,142.83,98.96,0.53,-1,-1,-1
107,-1,49.67,62.64,142.82,85.42,0.92,-1,-1,-1
107,-1,342.63,109.99,148.91,76.09,0.83,-1,-1,-1
107,-1,19.55,17.49,85.54,43.14,0.81,-1,-1,-1
107,-1,208.31,21.52,57.16,34.63,0.77,-1,-1,-1
107,-1,94.90,359.88,142.74,98.95,0.55,-1,-1,-1
108,-1,55.18,63.74,142.90,86.98,0.92,-1,-1,-1
108,-1,330.02,107.14,149.05,75.04,0.89,-1,-1,-1
108,-1,15.99,15.28,84.82,43.83,0.81,-1,-1,-1
108,-1,208.29,21.52,57.25,34.64,0.78,-1,-1,-1
108,-1,96.50,360.31,139.30,96.84,0.52,-1,-1,-1
109,-1,60.07,64.71,143.50,88.24,0.93,-1,-1,-1
109,-1,318.90,104.82,147.62,72.74,0.91,-1,-1,-1
109,-1,13.32,15.30,84.33,41.74,0.78,-1,-1,-1
109,-1,208.24,21.52,57.32,34.66,0.78,-1,-1,-1
109,-1,95.25,359.07,142.59,99.73,0.55,-1,-1,-1
110,-1,63.94,65.04,145.10,89.92,0.92,-1,-1,-1
110,-1,308.40,101.76,146.90,73.79,0.90,-1,-1,-1
110,-1,10.75,13.38,81.52,42.80,0.85,-1,-1,-1
110,-1,208.26,21.45,57.30,34.72,0.77,-1,-1,-1
110,-1,95.01,359.66,142.74,99.23,0.57,-1,-1,-1
111,-1,298.69,98.91,144.79,73.27,0.90,-1,-1,-1
111,-1,70.27,66.06,143.97,90.83,0.89,-1,-1,-1
111,-1,6.75,12.63,81.76,42.27,0.82,-1,-1,-1
111,-1,208.20,21.42,57.46,34.72,0.76,-1,-1,-1
111,-1,95.16,358.95,142.57,99.99,0.56,-1,-1,-1
112,-1,290.37,97.49,141.47,70.85,0.90,-1,-1,-1
112,-1,73.67,67.43,147.42,88.80,0.87,-1,-1,-1
112,-1,6.01,11.61,79.74,41.51,0.80,-1,-1,-1
112,-1,208.23,21.42,57.41,34.74,0.74,-1,-1,-1
112,-1,95.13,359.02,142.65,99.92,0.56,-1,-1,-1
113,-1,278.13,93.99,143.55,70.52,0.89,-1,-1,-1
113,-1,77.97,69.71,149.94,88.70,0.88,-1,-1,-1
113,-1,1.63,10.47,78.92,41.75,0.77,-1,-1,-1
113,-1,208.24,21.38,57.42,34.67,0.74,-1,-1,-1
113,-1,96.67,360.39,138.79,97.11,0.53,-1,-1,-1
114,-1,267.74,91.18,143.08,69.49,0.89,-1,-1,-1
114,-1,83.67,71.83,149.13,89.90,0.83,-1,-1,-1
114,-1,1.09,9.09,75.09,41.81,0.82,-1,-1,-1
114,-1,208.15,21.38,57.61,34.71,0.72,-1,-1,-1
114,-1,96.69,360.41,138.70,97.13,0.53,-1,-1,-1
115,-1,258.73,88.00,140.77,70.05,0.90,-1,-1,-1
115,-1,88.02,74.37,151.72,89.37,0.86,-1,-1,-1
115,-1,0.51,6.02,70.97,43.37,0.81,-1,-1,-1
115,-1,208.19,21.41,57.58,34.74,0.72,-1,-1,-1
115,-1,96.85,360.43,138.37,97.15,0.52,-1,-1,-1
116,-1,92.37,75.54,153.67,90.46,0.88,-1,-1,-1
116,-1,249.37,85.81,140.48,69.53,0.85,-1,-1,-1
116,-1,0.57,4.04,68.69,43.76,0.72,-1,-1,-1
116,-1,208.23,21.43,57.54,34.66,0.70,-1,-1,-1
116,-1,96.93,360.41,138.17,97.18,0.52,-1,-1,-1
117,-1,97.34,76.76,155.53,90.65,0.90,-1,-1,-1
117,-1,242.24,82.41,134.99,69.28,0.89,-1,-1,-1
117,-1,208.15,21.42,57.64,34.83,0.70,-1,-1,-1
117,-1,0.00,2.87,65.29,44.74,0.64,-1,-1,-1
117,-1,95.04,359.02,142.61,99.93,0.50,-1,-1,-1
118,-1,231.77,81.02,137.64,66.14,0.90,-1,-1,-1
118,-1,103.00,78.60,154.61,91.07,0.89,-1,-1,-1
118,-1,208.12,21.45,57.62,34.76,0.72,-1,-1,-1
118,-1,0.00,1.27,61.84,44.53,0.64,-1,-1,-1
118,-1,95.04,358.97,142.59,100.03,0.52,-1,-1,-1
119,-1,221.29,77.92,137.96,66.27,0.89,-1,-1,-1
119,-1,109.14,79.28,155.22,92.45,0.89,-1,-1,-1
119,-1,208.11,21.54,57.66,34.72,0.72,-1,-1,-1
119,-1,0.00,1.64,58.62,42.81,0.67,-1,-1,-1
120,-1,114.04,80.93,157.06,92.24,0.88,-1,-1,-1
120,-1,215.71,75.84,132.45,65.44,0.87,-1,-1,-1
120,-1,208.15,21.52,57.56,34.64,0.71,-1,-1,-1
120,-1,0.00,2.02,55.79,41.28,0.66,-1,-1,-1
121,-1,204.43,72.60,135.02,65.56,0.88,-1,-1,-1
121,-1,119.62,81.74,159.00,95.65,0.87,-1,-1,-1
121,-1,208.18,21.52,57.52,34.45,0.72,-1,-1,-1
121,-1,0.00,1.45,52.50,40.22,0.68,-1,-1,-1
122,-1,198.13,68.99,129.17,64.77,0.89,-1,-1,-1
122,-1,124.90,84.07,160.00,96.48,0.88,-1,-1,-1
122,-1,208.24,21.56,57.60,34.44,0.71,-1,-1,-1
122,-1,0.00,0.67,49.07,39.79,0.56,-1,-1,-1
123,-1,129.69,87.53,160.45,95.58,0.90,-1,-1,-1
123,-1,190.42,68.25,129.92,61.87,0.85,-1,-1,-1
123,-1,208.26,21.62,57.60,34.14,0.77,-1,-1,-1
123,-1,0.00,0.37,46.55,38.00,0.74,-1,-1,-1
124,-1,135.59,89.65,161.37,96.27,0.92,-1,-1,-1
124,-1,182.05,65.81,127.67,61.41,0.86,-1,-1,-1
124,-1,0.00,0.18,44.29,36.74,0.77,-1,-1,-1
124,-1,208.31,21.65,57.48,34.53,0.73,-1,-1,-1
125,-1,139.88,92.19,165.52,94.87,0.91,-1,-1,-1
125,-1,174.95,63.17,123.53,62.09,0.77,-1,-1,-1
125,-1,208.31,21.61,57.24,34.78,0.75,-1,-1,-1
125,-1,0.00,0.65,42.23,35.08,0.66,-1,-1,-1
126,-1,147.10,93.77,163.34,95.94,0.93,-1,-1,-1
126,-1,164.73,60.68,126.79,57.62,0.80,-1,-1,-1
126,-1,208.38,21.73,56.77,35.15,0.79,-1,-1,-1
126,-1,0.00,0.82,39.30,33.53,0.72,-1,-1,-1
127,-1,152.48,94.20,164.59,97.98,0.90,-1,-1,-1
127,-1,156.50,58.14,127.15,55.64,0.81,-1,-1,-1
127,-1,0.00,2.22,36.02,30.66,0.72,-1,-1,-1
127,-1,208.45,21.49,56.72,35.79,0.71,-1,-1,-1
128,-1,157.27,95.38,166.46,98.62,0.92,-1,-1,-1
128,-1,151.05,54.81,122.92,56.53,0.83,-1,-1,-1
128,-1,0.00,1.78,32.55,29.57,0.67,-1,-1,-1
128,-1,208.39,21.29,57.03,35.51,0.66,-1,-1,-1
129,-1,163.74,94.55,168.96,102.07,0.92,-1,-1,-1
129,-1,142.60,54.17,121.46,50.38,0.90,-1,-1,-1
129,-1,208.01,21.34,57.33,35.69,0.72,-1,-1,-1
129,-1,0.00,0.59,30.16,30.04,0.72,-1,-1,-1
130,-1,136.85,50.88,120.76,51.96,0.88,-1,-1,-1
130,-1,169.93,96.98,170.03,100.56,0.85,-1,-1,-1
130,-1,0.00,1.07,28.45,27.91,0.77,-1,-1,-1
130,-1,207.87,21.09,57.74,35.82,0.68,-1,-1,-1
131,-1,176.85,99.49,168.81,102.90,0.91,-1,-1,-1
131,-1,129.22,49.23,120.81,54.83,0.87,-1,-1,-1
131,-1,207.84,21.18,57.69,35.22,0.66,-1,-1,-1
131,-1,0.00,2.24,25.17,25.88,0.53,-1,-1,-1
132,-1,181.94,101.83,170.51,102.19,0.91,-1,-1,-1
132,-1,122.96,47.08,118.95,60.00,0.82,-1,-1,-1
132,-1,208.01,21.34,57.50,35.38,0.70,-1,-1,-1
132,-1,0.21,2.39,22.87,25.52,0.63,-1,-1,-1
133,-1,188.19,101.24,171.37,105.30,0.91,-1,-1,-1
133,-1,117.06,45.68,114.66,60.38,0.82,-1,-1,-1
133,-1,208.28,21.42,57.25,34.71,0.71,-1,-1,-1
133,-1,0.40,1.28,20.02,25.10,0.66,-1,-1,-1
134,-1,194.65,103.98,172.30,104.33,0.91,-1,-1,-1
134,-1,109.30,43.02,116.58,59.63,0.89,-1,-1,-1
134,-1,208.15,21.57,57.42,34.14,0.74,-1,-1,-1
134,-1,0.05,1.04,18.06,22.82,0.66,-1,-1,-1
135,-1,201.95,106.30,172.33,104.51,0.88,-1,-1,-1
135,-1,105.40,40.88,112.82,58.74,0.74,-1,-1,-1
135,-1,208.14,21.59,57.50,34.34,0.72,-1,-1,-1
135,-1,0.21,0.96,15.62,21.84,0.63,-1,-1,-1
136,-1,206.54,106.74,175.16,105.97,0.87,-1,-1,-1
136,-1,208.40,21.56,57.15,33.81,0.77,-1,-1,-1
136,-1,97.80,36.14,113.23,63.61,0.73,-1,-1,-1
137,-1,213.16,109.14,175.07,106.39,0.90,-1,-1,-1
137,-1,208.32,21.52,57.22,33.98,0.78,-1,-1,-1
137,-1,93.26,36.74,106.39,61.07,0.74,-1,-1,-1
138,-1,219.13,111.31,175.79,107.35,0.91,-1,-1,-1
138,-1,208.22,21.58,57.26,34.15,0.77,-1,-1,-1
139,-1,224.06,111.88,177.54,109.06,0.88,-1,-1,-1
139,-1,208.24,21.51,57.25,34.23,0.77,-1,-1,-1
140,-1,230.82,113.61,178.97,109.86,0.82,-1,-1,-1
140,-1,208.34,21.45,57.15,34.27,0.77,-1,-1,-1
141,-1,238.91,116.75,176.35,109.07,0.89,-1,-1,-1
141,-1,208.27,21.46,57.29,34.37,0.77,-1,-1,-1
142,-1,245.08,119.58,177.13,108.09,0.91,-1,-1,-1
142,-1,208.21,21.53,57.36,34.31,0.76,-1,-1,-1
143,-1,250.22,121.56,180.29,107.52,0.93,-1,-1,-1
143,-1,208.19,21.58,57.34,34.23,0.75,-1,-1,-1
143,-1,63.06,26.95,100.24,55.73,0.60,-1,-1,-1
144,-1,257.81,123.56,179.67,108.65,0.91,-1,-1,-1
144,-1,208.20,21.62,57.34,34.18,0.75,-1,-1,-1
144,-1,57.65,26.17,100.24,54.51,0.66,-1,-1,-1
145,-1,263.32,124.58,182.29,108.58,0.89,-1,-1,-1
145,-1,208.23,21.60,57.31,34.21,0.77,-1,-1,-1
145,-1,53.62,24.34,96.35,54.34,0.64,-1,-1,-1
146,-1,271.09,126.84,180.49,109.94,0.92,-1,-1,-1
146,-1,208.24,21.65,57.29,34.11,0.78,-1,-1,-1
146,-1,48.38,22.09,98.95,54.05,0.53,-1,-1,-1
147,-1,276.08,128.82,182.93,109.42,0.91,-1,-1,-1
147,-1,208.25,21.65,57.31,34.09,0.76,-1,-1,-1
148,-1,282.33,130.47,183.42,110.97,0.91,-1,-1,-1
148,-1,208.27,21.67,57.29,34.11,0.76,-1,-1,-1
149,-1,287.91,132.71,186.31,111.47,0.91,-1,-1,-1
149,-1,208.27,21.69,57.24,34.04,0.76,-1,-1,-1
149,-1,37.68,17.65,90.87,52.32,0.56,-1,-1,-1
150,-1,293.90,133.78,187.04,112.37,0.92,-1,-1,-1
150,-1,208.26,21.70,57.27,34.02,0.75,-1,-1,-1
150,-1,186.96,0.00,92.75,20.66,0.50,-1,-1,-1
151,-1,301.75,135.58,185.58,114.33,0.92,-1,-1,-1
151,-1,207.99,21.66,57.15,33.72,0.75,-1,-1,-1
152,-1,308.36,138.45,185.42,113.27,0.91,-1,-1,-1
152,-1,208.00,21.65,57.13,33.71,0.74,-1,-1,-1
153,-1,313.10,140.17,187.62,114.03,0.91,-1,-1,-1
153,-1,208.02,21.66,57.09,33.72,0.75,-1,-1,-1
153,-1,21.13,11.43,90.05,50.99,0.53,-1,-1,-1
154,-1,319.66,142.38,189.91,114.28,0.90,-1,-1,-1
154,-1,208.06,21.66,57.05,33.74,0.75,-1,-1,-1
154,-1,21.03,10.43,81.11,49.89,0.64,-1,-1,-1
155,-1,327.35,143.84,189.46,116.23,0.92,-1,-1,-1
155,-1,208.06,21.70,57.03,33.71,0.75,-1,-1,-1
155,-1,17.05,9.46,82.23,50.77,0.53,-1,-1,-1
156,-1,334.53,147.41,188.01,113.70,0.92,-1,-1,-1
156,-1,208.08,21.68,57.00,33.73,0.75,-1,-1,-1
156,-1,405.94,366.08,159.07,92.86,0.51,-1,-1,-1
157,-1,340.43,147.40,189.60,116.17,0.92,-1,-1,-1
157,-1,208.05,21.69,57.04,33.71,0.75,-1,-1,-1
157,-1,10.67,6.40,79.43,49.58,0.53,-1,-1,-1
158,-1,347.88,150.51,190.45,115.59,0.89,-1,-1,-1
158,-1,208.09,21.68,57.00,33.76,0.74,-1,-1,-1
158,-1,7.48,6.22,77.27,47.68,0.52,-1,-1,-1
158,-1,405.91,366.08,159.13,92.67,0.51,-1,-1,-1
159,-1,352.98,149.78,192.51,119.06,0.79,-1,-1,-1
159,-1,208.09,21.66,57.00,33.78,0.74,-1,-1,-1
159,-1,5.13,4.13,78.35,48.71,0.68,-1,-1,-1
159,-1,405.65,366.63,159.51,92.18,0.59,-1,-1,-1
160,-1,362.28,152.86,189.78,118.11,0.88,-1,-1,-1
160,-1,208.10,21.68,56.98,33.80,0.74,-1,-1,-1
160,-1,405.75,366.62,159.36,92.08,0.62,-1,-1,-1
160,-1,2.26,2.84,76.73,48.64,0.61,-1,-1,-1
160,-1,620.74,189.12,19.17,41.16,0.60,-1,-1,-1
161,-1,368.91,154.64,190.87,118.51,0.90,-1,-1,-1
161,-1,208.10,21.70,56.96,33.76,0.74,-1,-1,-1
161,-1,0.50,1.61,74.56,48.46,0.70,-1,-1,-1
161,-1,405.71,366.74,159.39,91.88,0.66,-1,-1,-1
161,-1,608.80,180.35,31.13,52.42,0.64,-1,-1,-1
162,-1,376.05,158.54,192.02,116.84,0.88,-1,-1,-1
162,-1,208.12,21.72,56.93,33.74,0.74,-1,-1,-1
162,-1,405.65,366.83,159.54,91.73,0.69,-1,-1,-1
162,-1,595.99,178.18,44.01,53.38,0.59,-1,-1,-1
162,-1,0.00,0.19,71.62,48.91,0.52,-1,-1,-1
163,-1,584.87,177.33,54.81,51.61,0.86,-1,-1,-1
163,-1,382.84,159.45,192.78,119.39,0.82,-1,-1,-1
163,-1,208.13,21.72,56.91,33.72,0.74,-1,-1,-1
163,-1,405.70,366.66,159.45,92.00,0.61,-1,-1,-1
164,-1,389.93,159.60,192.32,121.46,0.91,-1,-1,-1
164,-1,571.57,171.94,68.43,56.84,0.88,-1,-1,-1
164,-1,208.16,21.73,56.83,33.71,0.75,-1,-1,-1
164,-1,405.99,366.08,158.92,92.71,0.55,-1,-1,-1
165,-1,398.72,163.39,189.56,120.22,0.91,-1,-1,-1
165,-1,560.01,167.82,79.75,60.47,0.84,-1,-1,-1
165,-1,208.13,21.72,56.84,33.70,0.75,-1,-1,-1
165,-1,405.78,366.75,159.31,92.01,0.64,-1,-1,-1
165,-1,0.00,0.00,59.71,44.46,0.53,-1,-1,-1
166,-1,405.11,165.63,191.98,121.66,0.91,-1,-1,-1
166,-1,548.37,162.59,91.38,65.73,0.86,-1,-1,-1
166,-1,208.11,21.72,56.84,33.68,0.75,-1,-1,-1
166,-1,0.00,0.00,56.73,42.14,0.61,-1,-1,-1
166,-1,405.83,366.65,159.27,92.11,0.58,-1,-1,-1
167,-1,411.53,166.15,192.91,123.05,0.91,-1,-1,-1
167,-1,537.02,159.58,102.98,72.30,0.90,-1,-1,-1
167,-1,208.10,21.74,56.86,33.67,0.76,-1,-1,-1
167,-1,0.00,0.00,54.51,42.27,0.66,-1,-1,-1
167,-1,406.00,366.06,158.98,92.56,0.55,-1,-1,-1
168,-1,418.87,168.77,192.58,123.10,0.92,-1,-1,-1
168,-1,525.48,158.08,114.52,73.37,0.91,-1,-1,-1
168,-1,208.12,21.73,56.84,33.67,0.76,-1,-1,-1
168,-1,0.00,0.03,51.20,41.15,0.73,-1,-1,-1
168,-1,405.78,366.68,159.39,91.94,0.61,-1,-1,-1
169,-1,427.48,171.33,190.52,122.35,0.93,-1,-1,-1
169,-1,512.83,154.41,126.79,75.38,0.90,-1,-1,-1
169,-1,208.11,21.72,56.84,33.65,0.77,-1,-1,-1
169,-1,0.00,0.00,46.96,37.93,0.71,-1,-1,-1
170,-1,434.47,172.71,191.45,123.98,0.94,-1,-1,-1
170,-1,501.21,149.85,138.79,75.21,0.89,-1,-1,-1
170,-1,208.12,21.71,56.81,33.66,0.76,-1,-1,-1
170,-1,0.00,0.00,44.17,36.66,0.73,-1,-1,-1
170,-1,405.89,366.14,159.14,92.53,0.52,-1,-1,-1
171,-1,441.74,174.59,191.80,125.53,0.92,-1,-1,-1
171,-1,490.15,146.03,141.50,77.31,0.85,-1,-1,-1
171,-1,208.13,21.72,56.78,33.65,0.76,-1,-1,-1
171,-1,0.00,0.00,41.68,35.35,0.71,-1,-1,-1
171,-1,406.10,366.49,158.69,91.92,0.51,-1,-1,-1
172,-1,446.90,174.16,192.64,128.87,0.91,-1,-1,-1
172,-1,479.83,143.64,139.48,73.43,0.84,-1,-1,-1
172,-1,208.12,21.72,56.81,33.64,0.76,-1,-1,-1
172,-1,0.00,0.00,39.26,34.09,0.71,-1,-1,-1
172,-1,405.56,366.70,159.61,91.94,0.56,-1,-1,-1
173,-1,454.60,181.04,185.40,123.89,0.89,-1,-1,-1
173,-1,466.75,140.60,141.79,70.32,0.78,-1,-1,-1
173,-1,208.13,21.73,56.79,33.64,0.76,-1,-1,-1
173,-1,0.00,0.00,36.52,33.23,0.70,-1,-1,-1
173,-1,405.57,366.72,159.60,91.91,0.62,-1,-1,-1
174,-1,462.04,183.00,177.96,125.18,0.92,-1,-1,-1
174,-1,453.61,138.26,142.17,65.51,0.84,-1,-1,-1
174,-1,208.13,21.72,56.79,33.64,0.76,-1,-1,-1
174,-1,405.51,366.91,159.77,91.61,0.65,-1,-1,-1
174,-1,0.00,0.25,31.65,31.69,0.64,-1,-1,-1
175,-1,469.00,185.36,170.86,124.16,0.93,-1,-1,-1
175,-1,442.22,135.80,142.92,61.94,0.86,-1,-1,-1
175,-1,208.12,21.73,56.81,33.64,0.76,-1,-1,-1
175,-1,406.01,366.66,158.86,91.78,0.61,-1,-1,-1
175,-1,0.00,0.00,30.60,31.10,0.57,-1,-1,-1
176,-1,476.71,186.61,163.27,125.25,0.94,-1,-1,-1
176,-1,430.13,132.89,141.94,60.52,0.91,-1,-1,-1
176,-1,208.14,21.74,56.80,33.65,0.76,-1,-1,-1
176,-1,0.00,0.00,28.80,29.52,0.69,-1,-1,-1
176,-1,405.78,366.08,159.21,92.54,0.57,-1,-1,-1
177,-1,485.06,185.73,154.94,129.53,0.92,-1,-1,-1
177,-1,420.69,131.57,139.52,61.23,0.90,-1,-1,-1
177,-1,208.12,21.72,56.83,33.69,0.76,-1,-1,-1
177,-1,0.00,0.00,25.88,28.39,0.68,-1,-1,-1
177,-1,406.07,366.61,158.54,91.84,0.57,-1,-1,-1
178,-1,493.62,190.69,146.38,126.61,0.91,-1,-1,-1
178,-1,408.39,128.15,140.57,69.54,0.90,-1,-1,-1
178,-1,208.13,21.72,56.81,33.69,0.76,-1,-1,-1
178,-1,0.00,0.00,22.61,27.14,0.64,-1,-1,-1
178,-1,406.03,366.54,158.62,91.87,0.60,-1,-1,-1
179,-1,502.68,193.22,137.32,122.55,0.91,-1,-1,-1
179,-1,398.71,124.49,137.96,72.60,0.90,-1,-1,-1
179,-1,208.15,21.71,56.83,33.75,0.76,-1,-1,-1
179,-1,0.03,0.01,20.04,25.91,0.70,-1,-1,-1
179,-1,405.54,366.78,159.49,91.75,0.62,-1,-1,-1
180,-1,387.47,121.41,137.82,72.61,0.91,-1,-1,-1
180,-1,509.53,194.27,129.18,115.84,0.89,-1,-1,-1
180,-1,208.16,21.68,56.81,33.76,0.76,-1,-1,-1
180,-1,0.01,0.11,17.83,24.29,0.57,-1,-1,-1
180,-1,405.77,366.11,159.05,92.51,0.52,-1,-1,-1
181,-1,374.53,118.65,141.12,72.69,0.90,-1,-1,-1
181,-1,517.70,195.67,120.72,109.97,0.89,-1,-1,-1
181,-1,208.14,21.69,56.84,33.75,0.77,-1,-1,-1
181,-1,0.11,0.78,15.23,22.12,0.66,-1,-1,-1
181,-1,405.64,365.82,158.78,92.48,0.55,-1,-1,-1
182,-1,366.61,114.17,141.14,72.99,0.90,-1,-1,-1
182,-1,524.85,197.24,113.44,110.59,0.90,-1,-1,-1
182,-1,208.12,21.68,56.88,33.73,0.76,-1,-1,-1
182,-1,0.13,1.11,12.79,20.41,0.64,-1,-1,-1
182,-1,405.65,365.83,158.80,92.47,0.58,-1,-1,-1
183,-1,357.71,114.25,134.10,69.86,0.91,-1,-1,-1
183,-1,531.83,199.38,106.50,108.19,0.88,-1,-1,-1
183,-1,208.13,21.66,56.88,33.77,0.76,-1,-1,-1
183,-1,406.10,366.62,158.38,91.83,0.63,-1,-1,-1
183,-1,0.00,0.31,10.23,20.31,0.57,-1,-1,-1
184,-1,345.75,112.96,136.21,67.02,0.90,-1,-1,-1
184,-1,540.11,200.87,99.11,105.65,0.88,-1,-1,-1
184,-1,208.14,21.66,56.84,33.82,0.77,-1,-1,-1
184,-1,405.74,366.73,159.23,92.02,0.64,-1,-1,-1
185,-1,336.64,109.21,131.21,68.45,0.91,-1,-1,-1
185,-1,546.55,203.57,92.69,102.08,0.90,-1,-1,-1
185,-1,208.14,21.66,56.83,33.86,0.77,-1,-1,-1
185,-1,405.65,365.91,158.80,92.48,0.60,-1,-1,-1
186,-1,327.00,105.49,132.47,69.14,0.91,-1,-1,-1
186,-1,555.59,205.03,83.77,103.03,0.85,-1,-1,-1
186,-1,208.13,21.65,56.86,33.79,0.77,-1,-1,-1
186,-1,405.60,365.90,159.02,92.45,0.64,-1,-1,-1
187,-1,314.70,103.57,133.44,67.51,0.92,-1,-1,-1
187,-1,561.18,208.10,78.37,100.07,0.88,-1,-1,-1
187,-1,208.14,21.66,56.85,33.81,0.77,-1,-1,-1
187,-1,405.68,366.95,159.24,91.67,0.70,-1,-1,-1
188,-1,306.03,99.94,132.16,69.05,0.91,-1,-1,-1
188,-1,569.75,211.26,70.03,97.23,0.82,-1,-1,-1
188,-1,208.09,21.62,56.94,33.83,0.77,-1,-1,-1
188,-1,405.74,367.01,159.10,91.55,0.65,-1,-1,-1
189,-1,297.27,100.04,131.33,65.76,0.92,-1,-1,-1
189,-1,576.88,212.83,62.64,97.00,0.84,-1,-1,-1
189,-1,208.07,21.55,57.02,33.87,0.76,-1,-1,-1
189,-1,405.76,367.01,159.17,91.61,0.64,-1,-1,-1
190,-1,286.07,96.83,132.26,65.43,0.91,-1,-1,-1
190,-1,584.78,215.15,54.71,95.83,0.83,-1,-1,-1
190,-1,208.12,21.57,56.92,33.88,0.77,-1,-1,-1
190,-1,405.71,366.85,159.24,91.92,0.55,-1,-1,-1
191,-1,276.48,94.29,129.31,66.46,0.92,-1,-1,-1
191,-1,591.03,217.17,48.60,95.86,0.83,-1,-1,-1
191,-1,208.14,21.56,56.91,33.91,0.76,-1,-1,-1
191,-1,405.73,366.81,159.24,91.94,0.51,-1,-1,-1
192,-1,266.59,92.17,130.38,64.03,0.91,-1,-1,-1
192,-1,208.14,21.57,56.94,33.90,0.74,-1,-1,-1
192,-1,598.37,219.63,41.34,95.30,0.74,-1,-1,-1
192,-1,405.85,366.88,159.07,91.85,0.53,-1,-1,-1
193,-1,256.95,89.52,131.81,63.21,0.91,-1,-1,-1
193,-1,208.10,21.57,56.96,33.90,0.77,-1,-1,-1
193,-1,606.11,224.22,33.71,91.38,0.61,-1,-1,-1
194,-1,249.79,85.31,128.83,65.56,0.91,-1,-1,-1
194,-1,208.09,21.65,57.02,33.82,0.77,-1,-1,-1
195,-1,239.88,85.08,129.05,61.78,0.90,-1,-1,-1
195,-1,208.13,21.58,56.91,33.87,0.77,-1,-1,-1
195,-1,620.39,245.35,19.61,59.85,0.60,-1,-1,-1
196,-1,232.19,83.07,124.79,61.30,0.91,-1,-1,-1
196,-1,208.10,21.52,56.98,33.89,0.77,-1,-1,-1
197,-1,223.99,81.06,123.32,61.41,0.91,-1,-1,-1
197,-1,208.10,21.56,56.98,33.94,0.78,-1,-1,-1
198,-1,214.83,77.68,125.17,61.12,0.91,-1,-1,-1
198,-1,208.13,21.58,56.92,33.91,0.77,-1,-1,-1
199,-1,205.56,74.66,125.69,61.71,0.90,-1,-1,-1
199,-1,208.19,21.59,56.91,33.82,0.79,-1,-1,-1
200,-1,200.53,71.94,120.79,61.36,0.90,-1,-1,-1
200,-1,208.20,21.71,57.05,33.61,0.78,-1,-1,-1
201,-1,192.71,69.67,120.76,61.30,0.89,-1,-1,-1
201,-1,208.22,21.67,57.13,33.62,0.79,-1,-1,-1
202,-1,184.80,67.26,119.43,62.94,0.91,-1,-1,-1
202,-1,208.26,21.65,57.09,33.84,0.76,-1,-1,-1
202,-1,0.00,33.70,20.29,43.58,0.53,-1,-1,-1
203,-1,177.30,66.32,117.89,60.30,0.91,-1,-1,-1
203,-1,208.12,21.59,57.08,34.04,0.79,-1,-1,-1
203,-1,0.44,27.41,25.34,51.92,0.58,-1,-1,-1
204,-1,170.68,64.26,116.48,59.13,0.92,-1,-1,-1
204,-1,207.97,21.57,57.04,34.04,0.80,-1,-1,-1
204,-1,0.00,27.55,31.83,54.71,0.61,-1,-1,-1
205,-1,163.06,61.27,116.48,59.36,0.90,-1,-1,-1
205,-1,208.02,21.48,56.96,34.53,0.77,-1,-1,-1
205,-1,0.13,25.70,36.90,59.46,0.64,-1,-1,-1
206,-1,155.83,59.28,114.70,57.87,0.91,-1,-1,-1
206,-1,208.13,21.40,56.89,34.94,0.75,-1,-1,-1
206,-1,0.00,31.63,43.59,56.10,0.59,-1,-1,-1
207,-1,148.62,55.76,115.65,58.72,0.90,-1,-1,-1
207,-1,0.50,29.86,48.80,59.79,0.76,-1,-1,-1
207,-1,207.70,21.23,57.33,35.23,0.73,-1,-1,-1
208,-1,142.73,53.79,111.92,58.61,0.92,-1,-1,-1
208,-1,0.25,30.30,55.33,61.44,0.78,-1,-1,-1
208,-1,207.91,21.27,57.26,34.89,0.73,-1,-1,-1
209,-1,136.15,51.25,112.67,60.31,0.92,-1,-1,-1
209,-1,207.80,21.50,57.36,34.36,0.76,-1,-1,-1
209,-1,0.00,30.68,61.91,64.81,0.62,-1,-1,-1
210,-1,129.75,49.81,110.50,58.24,0.90,-1,-1,-1
210,-1,207.87,21.57,57.17,34.47,0.75,-1,-1,-1
210,-1,0.17,33.71,69.26,63.76,0.55,-1,-1,-1
211,-1,124.64,47.51,108.47,56.47,0.88,-1,-1,-1
211,-1,207.97,21.59,57.06,34.15,0.77,-1,-1,-1
211,-1,0.00,34.69,76.51,64.57,0.67,-1,-1,-1
212,-1,118.83,44.86,105.46,56.95,0.91,-1,-1,-1
212,-1,208.30,21.68,56.70,33.76,0.78,-1,-1,-1
212,-1,0.00,35.99,83.65,66.27,0.51,-1,-1,-1
213,-1,110.59,42.63,107.73,57.21,0.91,-1,-1,-1
213,-1,208.27,21.71,56.77,34.12,0.79,-1,-1,-1
213,-1,0.07,37.97,89.89,67.72,0.66,-1,-1,-1
214,-1,106.01,41.83,104.70,55.84,0.89,-1,-1,-1
214,-1,0.10,39.35,97.92,69.16,0.80,-1,-1,-1
214,-1,208.16,21.62,56.87,33.99,0.79,-1,-1,-1
215,-1,101.09,39.64,102.07,56.22,0.90,-1,-1,-1
215,-1,208.19,21.64,56.83,33.99,0.78,-1,-1,-1
215,-1,3.18,42.19,99.91,69.24,0.69,-1,-1,-1
216,-1,94.65,38.68,102.33,55.17,0.90,-1,-1,-1
216,-1,208.24,21.63,56.72,34.01,0.79,-1,-1,-1
216,-1,6.51,45.02,107.94,69.34,0.79,-1,-1,-1
217,-1,90.26,37.47,98.57,52.98,0.89,-1,-1,-1
217,-1,208.29,21.61,56.62,34.02,0.79,-1,-1,-1
217,-1,11.18,46.93,111.31,70.19,0.75,-1,-1,-1
218,-1,17.33,48.78,113.50,70.82,0.88,-1,-1,-1
218,-1,85.88,36.63,98.34,50.92,0.86,-1,-1,-1
218,-1,208.38,21.57,56.49,34.13,0.78,-1,-1,-1
219,-1,25.33,49.42,113.00,72.97,0.89,-1,-1,-1
219,-1,79.58,33.70,97.57,52.10,0.87,-1,-1,-1
219,-1,208.27,21.62,56.63,34.14,0.78,-1,-1,-1
220,-1,75.06,33.75,96.38,49.72,0.85,-1,-1,-1
220,-1,31.93,52.90,115.60,72.66,0.79,-1,-1,-1
220,-1,208.27,21.65,56.62,34.13,0.75,-1,-1,-1
221,-1,38.11,55.28,119.51,73.34,0.79,-1,-1,-1
221,-1,70.32,31.02,93.45,50.04,0.76,-1,-1,-1
221,-1,208.22,21.62,56.68,34.10,0.74,-1,-1,-1
222,-1,45.27,57.98,120.10,74.31,0.85,-1,-1,-1
222,-1,208.17,21.59,56.76,34.17,0.75,-1,-1,-1
222,-1,65.23,27.22,92.11,50.22,0.74,-1,-1,-1
223,-1,52.06,61.09,122.87,74.37,0.81,-1,-1,-1
223,-1,61.42,27.75,91.47,44.33,0.76,-1,-1,-1
223,-1,208.20,21.58,56.72,34.17,0.75,-1,-1,-1
224,-1,60.61,62.91,124.12,75.05,0.91,-1,-1,-1
224,-1,55.74,25.42,90.29,41.13,0.81,-1,-1,-1
224,-1,208.27,21.53,56.65,34.19,0.75,-1,-1,-1
225,-1,67.82,64.97,125.70,75.25,0.90,-1,-1,-1
225,-1,52.57,24.39,86.17,42.78,0.78,-1,-1,-1
225,-1,208.27,21.50,56.74,34.22,0.75,-1,-1,-1
226,-1,77.03,67.20,125.42,76.45,0.90,-1,-1,-1
226,-1,47.74,22.22,85.67,46.46,0.76,-1,-1,-1
226,-1,208.27,21.51,56.71,34.14,0.75,-1,-1,-1
227,-1,83.57,69.33,130.47,76.84,0.88,-1,-1,-1
227,-1,208.29,21.50,56.74,34.16,0.77,-1,-1,-1
227,-1,44.66,19.15,82.64,50.13,0.64,-1,-1,-1
228,-1,92.07,73.39,132.13,76.93,0.87,-1,-1,-1
228,-1,208.27,21.53,56.79,34.08,0.75,-1,-1,-1
228,-1,38.32,18.61,85.18,49.02,0.55,-1,-1,-1
229,-1,101.15,74.31,133.99,79.90,0.92,-1,-1,-1
229,-1,208.23,21.55,56.83,34.12,0.75,-1,-1,-1
229,-1,36.60,16.77,81.32,49.30,0.71,-1,-1,-1
230,-1,111.59,76.28,133.67,81.02,0.88,-1,-1,-1
230,-1,33.68,15.06,80.07,49.42,0.81,-1,-1,-1
230,-1,208.30,21.52,56.74,34.16,0.76,-1,-1,-1
231,-1,121.54,79.54,131.96,81.97,0.86,-1,-1,-1
231,-1,208.23,21.49,56.84,34.15,0.74,-1,-1,-1
231,-1,29.29,13.11,79.19,49.24,0.73,-1,-1,-1
232,-1,130.57,81.45,135.38,82.34,0.91,-1,-1,-1
232,-1,208.23,21.48,56.87,34.17,0.75,-1,-1,-1
232,-1,25.27,11.04,77.77,48.77,0.73,-1,-1,-1
233,-1,139.30,81.92,139.03,84.72,0.84,-1,-1,-1
233,-1,208.25,21.47,56.82,34.15,0.74,-1,-1,-1
233,-1,22.01,11.16,75.82,46.11,0.61,-1,-1,-1
234,-1,148.36,86.32,141.85,85.25,0.89,-1,-1,-1
234,-1,208.33,21.51,56.71,34.10,0.76,-1,-1,-1
234,-1,19.46,10.05,73.42,45.29,0.73,-1,-1,-1
235,-1,159.68,89.59,141.46,86.75,0.91,-1,-1,-1
235,-1,208.30,21.44,56.78,34.19,0.74,-1,-1,-1
235,-1,14.94,8.08,74.39,45.29,0.52,-1,-1,-1
236,-1,169.01,92.00,144.92,86.51,0.93,-1,-1,-1
236,-1,208.30,21.40,56.80,34.21,0.75,-1,-1,-1
236,-1,11.46,7.89,73.60,43.41,0.60,-1,-1,-1
237,-1,178.13,94.70,148.77,87.10,0.93,-1,-1,-1
237,-1,208.29,21.40,56.80,34.21,0.77,-1,-1,-1
237,-1,9.51,4.80,72.27,44.72,0.73,-1,-1,-1
238,-1,189.44,96.28,149.30,90.92,0.90,-1,-1,-1
238,-1,6.77,3.74,70.41,44.59,0.85,-1,-1,-1
238,-1,208.28,21.48,56.79,34.25,0.77,-1,-1,-1
239,-1,201.08,98.60,149.92,90.66,0.91,-1,-1,-1
239,-1,3.64,3.33,68.88,43.82,0.76,-1,-1,-1
239,-1,208.22,21.46,56.87,34.27,0.74,-1,-1,-1
240,-1,212.82,101.97,150.30,91.93,0.82,-1,-1,-1
240,-1,208.25,21.49,56.78,34.17,0.76,-1,-1,-1
240,-1,1.30,1.44,67.26,45.27,0.68,-1,-1,-1
241,-1,222.07,106.29,155.25,91.14,0.91,-1,-1,-1
241,-1,208.25,21.49,56.81,34.21,0.75,-1,-1,-1
241,-1,1.10,1.27,64.67,43.19,0.73,-1,-1,-1
242,-1,235.51,109.10,154.57,92.02,0.91,-1,-1,-1
242,-1,208.28,21.53,56.74,34.24,0.75,-1,-1,-1
242,-1,0.00,0.00,61.96,42.74,0.54,-1,-1,-1
243,-1,245.86,113.08,156.31,91.91,0.92,-1,-1,-1
243,-1,0.00,0.72,59.29,39.82,0.79,-1,-1,-1
243,-1,208.28,21.53,56.71,34.22,0.76,-1,-1,-1
243,-1,0.06,30.83,10.15,31.25,0.55,-1,-1,-1
244,-1,257.00,116.95,157.82,91.81,0.92,-1,-1,-1
244,-1,0.00,0.33,55.13,38.18,0.81,-1,-1,-1
244,-1,208.27,21.56,56.71,34.15,0.75,-1,-1,-1
244,-1,0.31,32.34,13.44,31.23,0.72,-1,-1,-1
245,-1,270.29,119.65,156.67,93.23,0.92,-1,-1,-1
245,-1,0.00,1.01,51.51,36.03,0.82,-1,-1,-1
245,-1,0.00,33.61,19.25,33.45,0.77,-1,-1,-1
245,-1,208.31,21.56,56.64,34.13,0.76,-1,-1,-1
246,-1,281.82,124.60,159.37,92.80,0.92,-1,-1,-1
246,-1,0.50,1.10,47.67,35.13,0.78,-1,-1,-1
246,-1,0.13,30.58,24.23,38.81,0.76,-1,-1,-1
246,-1,208.26,21.56,56.70,34.09,0.76,-1,-1,-1
247,-1,293.40,126.89,161.09,93.66,0.93,-1,-1,-1
247,-1,0.00,0.88,44.92,33.86,0.81,-1,-1,-1
247,-1,0.09,25.72,28.37,45.07,0.81,-1,-1,-1
247,-1,208.27,21.58,56.67,34.01,0.75,-1,-1,-1
248,-1,307.41,128.65,160.53,96.48,0.92,-1,-1,-1
248,-1,0.00,0.00,42.68,32.89,0.83,-1,-1,-1
248,-1,0.00,24.59,35.32,48.18,0.80,-1,-1,-1
248,-1,208.27,21.58,56.64,34.02,0.76,-1,-1,-1
249,-1,318.31,131.67,162.69,96.70,0.92,-1,-1,-1
249,-1,0.00,25.18,40.43,49.77,0.81,-1,-1,-1
249,-1,0.00,0.39,39.89,31.20,0.78,-1,-1,-1
249,-1,208.27,21.60,56.66,34.02,0.76,-1,-1,-1
250,-1,331.43,135.30,163.83,96.39,0.90,-1,-1,-1
250,-1,0.11,28.69,44.51,49.34,0.81,-1,-1,-1
250,-1,0.00,0.00,36.17,30.49,0.76,-1,-1,-1
250,-1,208.29,21.62,56.63,33.97,0.76,-1,-1,-1
251,-1,343.48,138.70,164.52,97.13,0.92,-1,-1,-1
251,-1,0.00,29.04,50.10,50.71,0.87,-1,-1,-1
251,-1,0.00,0.00,32.74,28.50,0.77,-1,-1,-1
251,-1,208.32,21.62,56.56,33.96,0.76,-1,-1,-1
252,-1,359.14,142.29,161.66,97.67,0.92,-1,-1,-1
252,-1,0.00,29.03,55.91,53.82,0.90,-1,-1,-1
252,-1,0.00,0.29,30.40,27.27,0.77,-1,-1,-1
252,-1,208.31,21.56,56.56,34.06,0.75,-1,-1,-1
253,-1,370.78,143.87,164.84,99.22,0.90,-1,-1,-1
253,-1,0.00,29.46,61.59,54.75,0.89,-1,-1,-1
253,-1,0.77,0.23,25.75,27.46,0.79,-1,-1,-1
253,-1,208.31,21.55,56.59,34.10,0.75,-1,-1,-1
254,-1,384.42,146.16,163.22,100.53,0.91,-1,-1,-1
254,-1,0.00,30.54,69.13,55.30,0.89,-1,-1,-1
254,-1,0.65,0.00,23.59,24.50,0.84,-1,-1,-1
254,-1,208.30,21.58,56.60,34.07,0.73,-1,-1,-1
255,-1,398.91,150.79,162.43,101.06,0.92,-1,-1,-1
255,-1,0.00,32.52,73.99,56.40,0.90,-1,-1,-1
255,-1,0.53,0.00,21.36,23.27,0.82,-1,-1,-1
255,-1,208.30,21.60,56.55,34.07,0.74,-1,-1,-1
256,-1,410.57,153.09,164.69,102.16,0.92,-1,-1,-1
256,-1,0.00,34.82,80.71,56.68,0.89,-1,-1,-1
256,-1,0.00,0.00,19.26,21.89,0.79,-1,-1,-1
256,-1,208.30,21.59,56.55,34.08,0.76,-1,-1,-1
257,-1,429.96,156.33,158.27,103.51,0.93,-1,-1,-1
257,-1,0.00,36.87,86.74,57.46,0.91,-1,-1,-1
257,-1,208.28,21.60,56.57,34.07,0.76,-1,-1,-1
257,-1,0.22,0.00,16.87,20.43,0.72,-1,-1,-1
258,-1,438.16,160.19,164.35,101.12,0.92,-1,-1,-1
258,-1,0.00,39.18,92.71,57.22,0.89,-1,-1,-1
258,-1,208.27,21.59,56.58,34.07,0.76,-1,-1,-1
258,-1,0.26,0.00,14.40,18.81,0.69,-1,-1,-1
259,-1,452.19,163.85,164.06,101.09,0.93,-1,-1,-1
259,-1,1.40,40.75,99.81,58.85,0.89,-1,-1,-1
259,-1,208.28,21.58,56.71,34.05,0.76,-1,-1,-1
259,-1,0.32,0.00,12.45,18.15,0.68,-1,-1,-1
260,-1,466.42,167.36,162.92,101.61,0.93,-1,-1,-1
260,-1,7.69,42.65,100.24,58.73,0.91,-1,-1,-1
260,-1,208.29,21.58,56.75,34.02,0.76,-1,-1,-1
260,-1,0.13,0.01,10.39,16.17,0.54,-1,-1,-1
261,-1,479.60,170.72,159.76,102.74,0.93,-1,-1,-1
261,-1,11.61,42.83,104.41,61.63,0.92,-1,-1,-1
261,-1,208.28,21.60,56.75,34.01,0.77,-1,-1,-1
262,-1,494.47,174.62,145.06,104.76,0.92,-1,-1,-1
262,-1,17.16,46.50,107.02,60.54,0.90,-1,-1,-1
262,-1,208.28,21.60,56.73,33.99,0.77,-1,-1,-1
263,-1,507.15,175.46,132.50,105.42,0.91,-1,-1,-1
263,-1,25.37,48.63,106.65,60.94,0.90,-1,-1,-1
263,-1,208.27,21.61,56.77,33.95,0.76,-1,-1,-1
264,-1,522.01,180.63,117.95,98.96,0.92,-1,-1,-1
264,-1,30.40,51.16,107.75,60.32,0.91,-1,-1,-1
264,-1,208.25,21.64,56.82,33.98,0.77,-1,-1,-1
265,-1,534.75,183.95,104.54,88.37,0.92,-1,-1,-1
265,-1,36.01,53.50,111.60,61.03,0.90,-1,-1,-1
265,-1,208.21,21.62,56.90,34.11,0.77,-1,-1,-1
266,-1,548.72,186.92,90.91,84.83,0.89,-1,-1,-1
266,-1,42.42,56.54,112.53,60.00,0.89,-1,-1,-1
266,-1,208.14,21.60,56.98,34.09,0.77,-1,-1,-1
267,-1,48.23,57.97,116.56,62.41,0.92,-1,-1,-1
267,-1,562.34,190.89,77.14,81.09,0.88,-1,-1,-1
267,-1,208.16,21.55,56.98,34.13,0.76,-1,-1,-1
268,-1,56.46,60.66,115.86,62.87,0.92,-1,-1,-1
268,-1,576.94,194.16,62.41,79.92,0.81,-1,-1,-1
268,-1,208.18,21.53,56.99,34.18,0.76,-1,-1,-1
269,-1,63.89,62.98,117.05,63.62,0.91,-1,-1,-1
269,-1,208.21,21.53,56.96,34.18,0.75,-1,-1,-1
270,-1,70.79,65.50,120.00,63.99,0.92,-1,-1,-1
270,-1,208.22,21.50,56.97,34.09,0.76,-1,-1,-1
271,-1,77.81,67.24,120.68,64.40,0.93,-1,-1,-1
271,-1,208.25,21.49,56.94,33.95,0.77,-1,-1,-1
271,-1,618.20,207.19,21.80,61.72,0.57,-1,-1,-1
272,-1,84.47,69.54,125.68,65.47,0.90,-1,-1,-1
272,-1,208.29,21.48,56.88,33.97,0.76,-1,-1,-1
273,-1,92.61,72.17,124.94,65.47,0.92,-1,-1,-1
273,-1,208.26,21.49,56.96,33.95,0.78,-1,-1,-1
274,-1,101.43,74.64,127.69,65.54,0.93,-1,-1,-1
274,-1,208.22,21.54,57.02,33.90,0.77,-1,-1,-1
275,-1,111.94,76.90,126.92,67.77,0.92,-1,-1,-1
275,-1,208.26,21.57,56.96,33.96,0.76,-1,-1,-1
276,-1,116.89,79.47,133.38,67.23,0.91,-1,-1,-1
276,-1,208.24,21.57,57.08,34.02,0.75,-1,-1,-1
277,-1,128.78,81.68,129.64,70.45,0.90,-1,-1,-1
277,-1,208.21,21.52,57.07,33.99,0.77,-1,-1,-1
278,-1,135.50,84.31,134.58,69.87,0.93,-1,-1,-1
278,-1,208.20,21.55,57.06,33.99,0.76,-1,-1,-1
279,-1,144.93,87.94,136.45,70.10,0.92,-1,-1,-1
279,-1,208.19,21.47,57.07,34.04,0.75,-1,-1,-1
280,-1,153.54,91.46,139.23,69.39,0.92,-1,-1,-1
280,-1,208.24,21.50,57.03,34.11,0.76,-1,-1,-1
281,-1,163.92,94.47,140.30,70.42,0.92,-1,-1,-1
281,-1,208.29,21.50,57.03,34.17,0.75,-1,-1,-1
282,-1,174.16,95.75,141.87,73.99,0.92,-1,-1,-1
282,-1,208.31,21.51,56.95,34.07,0.77,-1,-1,-1
283,-1,183.69,98.98,144.04,74.26,0.93,-1,-1,-1
283,-1,208.28,21.53,56.99,34.10,0.75,-1,-1,-1
283,-1,0.00,28.13,19.51,38.12,0.66,-1,-1,-1
284,-1,194.22,101.43,146.45,75.47,0.92,-1,-1,-1
284,-1,208.25,21.50,57.04,34.16,0.74,-1,-1,-1
284,-1,0.00,21.38,24.21,48.55,0.60,-1,-1,-1
285,-1,204.97,104.85,146.59,76.26,0.93,-1,-1,-1
285,-1,208.22,21.69,57.06,34.05,0.75,-1,-1,-1
285,-1,0.00,23.06,30.35,49.01,0.70,-1,-1,-1
286,-1,216.24,108.32,147.65,77.84,0.92,-1,-1,-1
286,-1,0.00,23.43,36.13,51.00,0.77,-1,-1,-1
286,-1,208.29,21.65,57.00,34.10,0.75,-1,-1,-1
287,-1,226.94,111.25,150.29,78.88,0.93,-1,-1,-1
287,-1,0.00,24.10,42.19,53.01,0.84,-1,-1,-1
287,-1,208.28,21.71,57.02,34.02,0.75,-1,-1,-1
288,-1,239.03,114.67,152.90,78.69,0.92,-1,-1,-1
288,-1,0.04,26.42,48.49,52.71,0.76,-1,-1,-1
288,-1,208.28,21.70,56.94,34.06,0.75,-1,-1,-1
289,-1,252.18,117.99,150.64,80.06,0.93,-1,-1,-1
289,-1,208.27,21.70,57.00,34.05,0.75,-1,-1,-1
289,-1,0.00,27.83,54.81,54.33,0.69,-1,-1,-1
290,-1,261.06,121.06,155.05,81.34,0.93,-1,-1,-1
290,-1,0.00,30.52,60.41,54.94,0.76,-1,-1,-1
290,-1,208.30,21.73,56.93,33.93,0.75,-1,-1,-1
291,-1,274.48,124.65,154.71,81.69,0.93,-1,-1,-1
291,-1,208.31,21.71,56.91,33.91,0.76,-1,-1,-1
291,-1,0.00,31.97,69.52,56.49,0.69,-1,-1,-1
292,-1,285.55,126.30,158.56,84.08,0.92,-1,-1,-1
292,-1,208.30,21.71,56.92,33.92,0.73,-1,-1,-1
292,-1,0.84,34.76,72.76,56.68,0.71,-1,-1,-1
293,-1,298.36,130.26,159.93,84.12,0.93,-1,-1,-1
293,-1,208.31,21.76,56.90,33.90,0.75,-1,-1,-1
293,-1,0.00,34.71,84.24,60.06,0.67,-1,-1,-1
294,-1,310.22,133.33,161.84,85.62,0.92,-1,-1,-1
294,-1,208.27,21.78,56.97,33.87,0.75,-1,-1,-1
294,-1,1.29,36.10,89.60,61.43,0.63,-1,-1,-1
295,-1,321.68,137.19,163.37,85.18,0.92,-1,-1,-1
295,-1,208.32,21.83,56.88,33.84,0.75,-1,-1,-1
295,-1,7.83,39.82,93.29,60.09,0.67,-1,-1,-1
296,-1,336.25,141.49,164.17,86.55,0.91,-1,-1,-1
296,-1,208.28,21.81,56.90,33.88,0.76,-1,-1,-1
296,-1,11.58,41.28,94.96,62.10,0.67,-1,-1,-1
297,-1,348.77,144.60,166.41,86.18,0.92,-1,-1,-1
297,-1,208.28,21.77,56.87,33.97,0.75,-1,-1,-1
297,-1,20.20,42.96,97.16,63.37,0.63,-1,-1,-1
298,-1,364.07,147.23,164.68,87.48,0.92,-1,-1,-1
298,-1,26.18,45.79,98.27,63.96,0.81,-1,-1,-1
298,-1,208.25,21.73,56.91,34.00,0.75,-1,-1,-1
299,-1,377.43,152.34,165.24,88.14,0.92,-1,-1,-1
299,-1,31.25,47.35,101.61,66.31,0.78,-1,-1,-1
299,-1,208.27,21.74,56.82,34.03,0.75,-1,-1,-1
300,-1,393.08,156.92,163.26,87.70,0.92,-1,-1,-1
300,-1,208.28,21.76,56.84,34.04,0.75,-1,-1,-1
300,-1,39.96,51.43,102.29,64.01,0.70,-1,-1,-1
301,-1,404.81,159.02,166.61,89.46,0.92,-1,-1,-1
301,-1,49.33,54.54,100.64,63.55,0.79,-1,-1,-1
301,-1,208.27,22.12,56.63,33.44,0.77,-1,-1,-1
302,-1,417.59,162.90,169.33,89.22,0.93,-1,-1,-1
302,-1,208.33,22.08,56.58,33.48,0.77,-1,-1,-1
302,-1,55.73,57.00,107.15,65.24,0.70,-1,-1,-1
303,-1,433.22,167.73,168.27,88.91,0.91,-1,-1,-1
303,-1,64.96,59.92,102.04,66.32,0.78,-1,-1,-1
303,-1,208.35,22.09,56.57,33.45,0.76,-1,-1,-1
303,-1,406.49,366.62,157.59,92.29,0.56,-1,-1,-1
304,-1,446.44,170.15,168.98,90.32,0.92,-1,-1,-1
304,-1,208.38,22.03,56.51,33.52,0.76,-1,-1,-1
304,-1,71.78,63.50,110.60,66.06,0.73,-1,-1,-1
304,-1,406.51,366.06,157.53,92.80,0.54,-1,-1,-1
305,-1,461.61,174.41,168.87,91.16,0.92,-1,-1,-1
305,-1,77.66,65.50,114.62,66.00,0.89,-1,-1,-1
305,-1,208.34,21.99,56.54,33.46,0.77,-1,-1,-1
305,-1,406.36,366.53,157.90,92.25,0.60,-1,-1,-1
306,-1,477.50,178.47,162.50,91.10,0.91,-1,-1,-1
306,-1,86.97,67.52,115.69,67.94,0.88,-1,-1,-1
306,-1,208.33,22.02,56.55,33.26,0.78,-1,-1,-1
306,-1,406.36,366.53,157.90,92.22,0.57,-1,-1,-1
307,-1,493.95,184.47,146.05,90.70,0.91,-1,-1,-1
307,-1,95.28,71.15,117.92,66.43,0.87,-1,-1,-1
307,-1,208.30,22.03,56.67,33.36,0.77,-1,-1,-1
307,-1,406.38,366.72,157.95,91.97,0.57,-1,-1,-1
308,-1,507.28,187.45,132.72,90.21,0.91,-1,-1,-1
308,-1,105.14,74.65,119.51,67.05,0.87,-1,-1,-1
308,-1,208.27,22.02,56.73,33.41,0.76,-1,-1,-1
308,-1,406.35,366.68,157.96,91.97,0.58,-1,-1,-1
309,-1,523.31,189.74,116.29,82.31,0.92,-1,-1,-1
309,-1,116.31,76.41,120.08,69.97,0.85,-1,-1,-1
309,-1,208.23,22.02,56.79,33.44,0.77,-1,-1,-1
309,-1,406.41,366.53,157.97,92.18,0.57,-1,-1,-1
310,-1,539.48,192.47,100.01,77.32,0.90,-1,-1,-1
310,-1,124.14,81.07,122.60,69.52,0.88,-1,-1,-1
310,-1,208.22,22.03,56.80,33.49,0.76,-1,-1,-1
310,-1,406.32,366.66,158.10,92.05,0.67,-1,-1,-1
311,-1,554.44,198.04,84.90,70.71,0.89,-1,-1,-1
311,-1,132.15,82.07,127.29,72.45,0.88,-1,-1,-1
311,-1,208.26,22.02,56.71,33.48,0.76,-1,-1,-1
311,-1,406.29,366.58,158.13,92.13,0.63,-1,-1,-1
312,-1,569.87,201.29,70.13,69.60,0.92,-1,-1,-1
312,-1,142.92,86.86,129.51,70.93,0.89,-1,-1,-1
312,-1,208.23,22.03,56.81,33.42,0.75,-1,-1,-1
312,-1,406.31,366.70,158.08,91.94,0.61,-1,-1,-1
313,-1,153.01,90.87,130.57,70.60,0.90,-1,-1,-1
313,-1,583.53,204.94,56.47,68.90,0.87,-1,-1,-1
313,-1,208.35,22.00,56.59,33.42,0.76,-1,-1,-1
313,-1,406.32,366.86,158.14,91.77,0.61,-1,-1,-1
314,-1,164.05,93.30,133.22,72.20,0.91,-1,-1,-1
314,-1,598.74,210.29,41.26,65.94,0.88,-1,-1,-1
314,-1,208.35,21.94,56.64,33.41,0.74,-1,-1,-1
314,-1,406.37,366.75,158.18,91.91,0.61,-1,-1,-1
315,-1,175.39,96.28,134.67,75.77,0.91,-1,-1,-1
315,-1,614.71,217.74,25.29,53.54,0.81,-1,-1,-1
315,-1,208.34,22.01,56.64,33.34,0.78,-1,-1,-1
316,-1,184.60,98.55,138.84,76.05,0.91,-1,-1,-1
316,-1,208.30,21.98,56.74,33.45,0.76,-1,-1,-1
317,-1,197.53,102.09,138.97,76.54,0.89,-1,-1,-1
317,-1,208.25,21.97,56.80,33.50,0.75,-1,-1,-1
318,-1,207.49,106.43,143.17,76.25,0.91,-1,-1,-1
318,-1,208.30,22.04,56.71,33.42,0.76,-1,-1,-1
319,-1,223.47,110.13,138.73,79.38,0.89,-1,-1,-1
319,-1,208.34,22.06,56.61,33.42,0.76,-1,-1,-1
320,-1,233.99,112.10,143.22,80.48,0.91,-1,-1,-1
320,-1,208.27,22.10,56.75,33.33,0.77,-1,-1,-1
321,-1,246.44,117.37,145.86,79.38,0.91,-1,-1,-1
321,-1,208.27,22.08,56.77,33.38,0.76,-1,-1,-1
322,-1,256.98,120.08,149.28,82.38,0.91,-1,-1,-1
322,-1,208.27,22.15,56.75,33.32,0.75,-1,-1,-1
323,-1,271.32,123.14,149.02,83.00,0.92,-1,-1,-1
323,-1,208.23,22.16,56.78,33.27,0.77,-1,-1,-1
324,-1,283.81,127.12,151.20,83.52,0.92,-1,-1,-1
324,-1,208.27,22.19,56.76,33.21,0.77,-1,-1,-1
325,-1,298.41,129.80,151.92,85.84,0.92,-1,-1,-1
325,-1,208.27,22.22,56.75,33.18,0.76,-1,-1,-1
325,-1,187.00,0.00,93.34,20.80,0.50,-1,-1,-1
326,-1,309.51,135.68,153.75,85.17,0.89,-1,-1,-1
326,-1,208.31,22.21,56.67,33.23,0.77,-1,-1,-1
326,-1,406.59,366.48,158.00,92.38,0.54,-1,-1,-1
327,-1,324.85,137.56,154.18,87.34,0.92,-1,-1,-1
327,-1,208.28,22.23,56.66,33.22,0.78,-1,-1,-1
327,-1,187.00,0.00,93.39,20.80,0.53,-1,-1,-1
328,-1,338.40,143.00,155.62,86.25,0.88,-1,-1,-1
328,-1,208.30,22.22,56.58,33.24,0.78,-1,-1,-1
328,-1,187.00,0.00,93.37,20.76,0.52,-1,-1,-1
328,-1,406.69,366.50,157.86,92.34,0.50,-1,-1,-1
329,-1,353.03,147.39,156.41,87.14,0.90,-1,-1,-1
329,-1,208.28,22.23,56.66,33.25,0.76,-1,-1,-1
329,-1,187.05,0.00,93.37,20.76,0.53,-1,-1,-1
329,-1,406.65,366.52,157.86,92.27,0.50,-1,-1,-1
330,-1,369.47,150.89,154.08,87.34,0.89,-1,-1,-1
330,-1,208.32,22.26,56.55,33.21,0.77,-1,-1,-1
330,-1,406.50,366.60,158.11,92.17,0.55,-1,-1,-1
330,-1,187.12,0.00,93.25,20.71,0.54,-1,-1,-1
331,-1,383.13,153.64,156.33,90.08,0.90,-1,-1,-1
331,-1,208.31,22.27,56.54,33.23,0.77,-1,-1,-1
331,-1,406.46,366.77,158.10,91.95,0.61,-1,-1,-1
331,-1,187.12,0.00,93.24,20.73,0.53,-1,-1,-1
332,-1,399.53,157.91,154.88,89.89,0.91,-1,-1,-1
332,-1,208.33,22.29,56.49,33.20,0.77,-1,-1,-1
332,-1,406.50,366.71,158.13,91.91,0.64,-1,-1,-1
332,-1,187.16,0.00,93.16,20.67,0.52,-1,-1,-1
333,-1,412.59,162.11,158.02,90.19,0.90,-1,-1,-1
333,-1,208.34,22.28,56.47,33.21,0.78,-1,-1,-1
333,-1,406.56,366.64,158.00,92.04,0.61,-1,-1,-1
333,-1,187.12,0.00,93.20,20.66,0.53,-1,-1,-1
334,-1,427.74,165.93,157.06,90.44,0.88,-1,-1,-1
334,-1,208.34,22.28,56.45,33.18,0.78,-1,-1,-1
334,-1,406.48,366.68,158.06,91.97,0.68,-1,-1,-1
334,-1,187.17,0.00,93.14,20.62,0.55,-1,-1,-1
335,-1,442.27,170.65,158.56,91.45,0.89,-1,-1,-1
335,-1,208.34,22.27,56.45,33.17,0.78,-1,-1,-1
335,-1,406.42,366.65,158.24,91.94,0.71,-1,-1,-1
335,-1,187.17,0.00,93.13,20.61,0.55,-1,-1,-1
336,-1,459.81,173.88,157.21,93.09,0.90,-1,-1,-1
336,-1,208.31,22.29,56.48,33.16,0.78,-1,-1,-1
336,-1,406.45,366.53,158.16,92.21,0.63,-1,-1,-1
336,-1,187.20,0.00,93.04,20.59,0.56,-1,-1,-1
337,-1,474.13,179.09,159.00,91.69,0.89,-1,-1,-1
337,-1,208.31,22.29,56.49,33.15,0.78,-1,-1,-1
337,-1,406.47,366.70,158.30,91.98,0.64,-1,-1,-1
337,-1,187.21,0.00,93.02,20.58,0.57,-1,-1,-1
338,-1,489.63,184.12,150.37,92.49,0.90,-1,-1,-1
338,-1,208.31,22.23,56.50,33.19,0.78,-1,-1,-1
338,-1,406.53,366.74,158.19,91.90,0.67,-1,-1,-1
338,-1,187.19,0.00,92.95,20.57,0.58,-1,-1,-1
339,-1,506.70,188.29,133.30,93.59,0.89,-1,-1,-1
339,-1,208.33,22.27,56.49,33.17,0.78,-1,-1,-1
339,-1,406.46,366.84,158.29,91.84,0.64,-1,-1,-1
339,-1,187.20,0.00,92.99,20.59,0.58,-1,-1,-1
340,-1,522.00,191.21,118.00,95.17,0.91,-1,-1,-1
340,-1,208.33,22.26,56.49,33.18,0.78,-1,-1,-1
340,-1,406.45,366.87,158.19,91.86,0.67,-1,-1,-1
340,-1,187.18,0.00,93.01,20.59,0.58,-1,-1,-1
341,-1,538.53,195.03,101.23,79.97,0.88,-1,-1,-1
341,-1,208.32,22.25,56.48,33.19,0.78,-1,-1,-1
341,-1,406.50,366.69,158.06,92.14,0.64,-1,-1,-1
341,-1,187.16,0.00,93.04,20.60,0.57,-1,-1,-1
342,-1,554.72,200.01,84.48,74.06,0.89,-1,-1,-1
342,-1,208.32,22.25,56.49,33.19,0.78,-1,-1,-1
342,-1,406.52,366.69,158.16,92.10,0.60,-1,-1,-1
342,-1,187.17,0.00,93.00,20.60,0.56,-1,-1,-1
343,-1,571.00,203.74,68.68,71.29,0.87,-1,-1,-1
343,-1,208.31,22.25,56.46,33.18,0.77,-1,-1,-1
343,-1,406.54,366.70,158.17,92.14,0.60,-1,-1,-1
343,-1,187.15,0.00,93.00,20.59,0.57,-1,-1,-1
344,-1,585.56,207.85,54.26,70.60,0.79,-1,-1,-1
344,-1,208.31,22.25,56.45,33.19,0.77,-1,-1,-1
344,-1,187.14,0.00,92.98,20.60,0.57,-1,-1,-1
344,-1,406.59,366.77,158.20,92.12,0.56,-1,-1,-1
345,-1,208.31,22.25,56.45,33.20,0.77,-1,-1,-1
345,-1,602.05,213.93,37.95,68.07,0.73,-1,-1,-1
345,-1,187.20,0.00,92.95,20.61,0.57,-1,-1,-1
345,-1,406.56,366.80,157.94,92.09,0.56,-1,-1,-1
346,-1,208.31,22.23,56.48,33.20,0.77,-1,-1,-1
346,-1,617.60,219.37,22.15,59.11,0.71,-1,-1,-1
346,-1,187.27,0.00,92.84,20.57,0.57,-1,-1,-1
347,-1,208.31,22.20,56.45,33.24,0.77,-1,-1,-1
347,-1,187.31,0.00,92.82,20.61,0.57,-1,-1,-1
348,-1,208.31,22.20,56.46,33.23,0.77,-1,-1,-1
348,-1,187.31,0.00,92.80,20.61,0.57,-1,-1,-1
349,-1,208.31,22.19,56.46,33.23,0.77,-1,-1,-1
349,-1,187.30,0.00,92.80,20.61,0.57,-1,-1,-1
350,-1,208.31,22.19,56.43,33.23,0.77,-1,-1,-1
350,-1,187.29,0.00,92.80,20.62,0.57,-1,-1,-1
351,-1,208.31,22.18,56.43,33.23,0.77,-1,-1,-1
351,-1,187.27,0.00,92.79,20.64,0.57,-1,-1,-1
352,-1,208.30,22.17,56.45,33.24,0.77,-1,-1,-1
352,-1,187.16,0.00,92.93,20.61,0.56,-1,-1,-1
353,-1,208.31,22.16,56.40,33.26,0.77,-1,-1,-1
353,-1,187.21,0.00,92.89,20.59,0.55,-1,-1,-1
354,-1,208.32,22.15,56.37,33.30,0.77,-1,-1,-1
354,-1,187.16,0.00,92.91,20.58,0.53,-1,-1,-1
355,-1,208.30,22.16,56.40,33.32,0.77,-1,-1,-1
355,-1,187.17,0.00,92.92,20.58,0.54,-1,-1,-1
356,-1,208.30,22.15,56.38,33.35,0.78,-1,-1,-1
356,-1,186.92,0.00,93.15,20.54,0.53,-1,-1,-1
357,-1,208.28,22.15,56.40,33.33,0.77,-1,-1,-1
357,-1,186.97,0.00,93.11,20.54,0.54,-1,-1,-1
358,-1,208.28,22.17,56.40,33.32,0.77,-1,-1,-1
358,-1,0.00,29.73,20.18,39.32,0.72,-1,-1,-1
358,-1,186.99,0.00,93.21,20.54,0.54,-1,-1,-1
359,-1,0.59,30.98,24.59,39.37,0.77,-1,-1,-1
359,-1,208.29,22.18,56.42,33.32,0.77,-1,-1,-1
359,-1,186.97,0.00,93.15,20.56,0.54,-1,-1,-1
360,-1,208.29,22.17,56.43,33.34,0.77,-1,-1,-1
360,-1,0.00,26.34,30.29,46.85,0.67,-1,-1,-1
360,-1,186.94,0.00,93.25,20.57,0.55,-1,-1,-1
361,-1,208.31,22.18,56.41,33.33,0.77,-1,-1,-1
361,-1,0.10,23.64,34.90,49.70,0.73,-1,-1,-1
361,-1,186.96,0.00,93.22,20.55,0.55,-1,-1,-1
362,-1,208.34,22.18,56.41,33.28,0.77,-1,-1,-1
362,-1,0.00,21.47,39.67,55.67,0.76,-1,-1,-1
362,-1,186.98,0.00,93.20,20.55,0.55,-1,-1,-1
363,-1,0.16,25.86,45.20,54.26,0.81,-1,-1,-1
363,-1,208.32,22.14,56.43,33.35,0.77,-1,-1,-1
363,-1,186.92,0.00,93.27,20.56,0.54,-1,-1,-1
364,-1,0.00,26.24,52.29,56.02,0.86,-1,-1,-1
364,-1,208.32,22.16,56.44,33.32,0.77,-1,-1,-1
364,-1,186.90,0.00,93.25,20.57,0.55,-1,-1,-1
365,-1,0.00,28.31,56.91,57.40,0.89,-1,-1,-1
365,-1,208.29,22.17,56.47,33.31,0.77,-1,-1,-1
365,-1,186.82,0.00,93.31,20.56,0.53,-1,-1,-1
366,-1,0.00,27.99,63.03,58.91,0.89,-1,-1,-1
366,-1,208.30,22.17,56.46,33.30,0.77,-1,-1,-1
366,-1,186.83,0.00,93.26,20.55,0.54,-1,-1,-1
367,-1,0.00,30.62,68.49,58.15,0.85,-1,-1,-1
367,-1,208.31,22.17,56.44,33.30,0.77,-1,-1,-1
367,-1,186.83,0.00,93.22,20.58,0.53,-1,-1,-1
368,-1,0.00,32.58,75.11,59.51,0.88,-1,-1,-1
368,-1,208.32,22.16,56.43,33.32,0.78,-1,-1,-1
368,-1,186.80,0.00,93.26,20.58,0.52,-1,-1,-1
369,-1,0.00,33.74,82.56,60.57,0.91,-1,-1,-1
369,-1,208.32,22.13,56.41,33.36,0.78,-1,-1,-1
369,-1,186.78,0.00,93.27,20.60,0.52,-1,-1,-1
370,-1,0.15,35.21,87.76,62.58,0.90,-1,-1,-1
370,-1,208.30,22.11,56.44,33.43,0.79,-1,-1,-1
370,-1,186.76,0.00,93.35,20.59,0.50,-1,-1,-1
371,-1,0.00,37.74,95.33,62.56,0.90,-1,-1,-1
371,-1,208.28,22.05,56.50,33.48,0.78,-1,-1,-1
371,-1,186.74,0.00,93.51,20.61,0.52,-1,-1,-1
372,-1,0.00,40.19,103.04,62.75,0.91,-1,-1,-1
372,-1,208.24,22.04,56.67,33.42,0.78,-1,-1,-1
372,-1,186.69,0.00,93.63,20.62,0.50,-1,-1,-1
373,-1,1.32,41.99,109.76,63.16,0.89,-1,-1,-1
373,-1,208.27,22.02,56.64,33.42,0.78,-1,-1,-1
374,-1,6.02,42.49,112.04,65.08,0.92,-1,-1,-1
374,-1,208.26,22.04,56.65,33.43,0.79,-1,-1,-1
374,-1,186.63,0.00,93.69,20.61,0.50,-1,-1,-1
375,-1,11.45,45.53,115.47,65.11,0.92,-1,-1,-1
375,-1,208.26,22.03,56.72,33.42,0.79,-1,-1,-1
375,-1,186.64,0.00,93.65,20.62,0.51,-1,-1,-1
376,-1,16.40,48.30,117.81,64.81,0.91,-1,-1,-1
376,-1,208.24,22.06,56.74,33.41,0.79,-1,-1,-1
376,-1,186.71,0.00,93.57,20.62,0.54,-1,-1,-1
377,-1,23.62,50.80,119.52,65.24,0.91,-1,-1,-1
377,-1,208.21,22.08,56.81,33.45,0.78,-1,-1,-1
377,-1,186.64,0.00,93.67,20.66,0.54,-1,-1,-1
378,-1,29.72,53.18,120.69,65.62,0.92,-1,-1,-1
378,-1,208.18,22.03,56.86,33.44,0.79,-1,-1,-1
379,-1,35.96,56.68,123.62,65.60,0.91,-1,-1,-1
379,-1,208.18,21.97,56.87,33.45,0.79,-1,-1,-1
380,-1,41.78,58.09,126.29,67.51,0.93,-1,-1,-1
380,-1,208.13,21.93,56.94,33.49,0.79,-1,-1,-1
380,-1,613.91,192.89,26.09,42.07,0.77,-1,-1,-1
381,-1,49.29,59.98,129.00,68.30,0.92,-1,-1,-1
381,-1,601.54,187.76,38.46,46.01,0.79,-1,-1,-1
381,-1,208.14,21.93,56.95,33.51,0.78,-1,-1,-1
382,-1,57.47,62.85,129.25,68.80,0.92,-1,-1,-1
382,-1,208.21,21.91,56.88,33.50,0.78,-1,-1,-1
382,-1,588.15,185.58,51.25,45.17,0.75,-1,-1,-1
383,-1,66.75,65.07,129.26,68.26,0.93,-1,-1,-1
383,-1,577.08,176.14,62.92,53.49,0.81,-1,-1,-1
383,-1,208.22,21.92,56.88,33.44,0.80,-1,-1,-1
384,-1,71.41,66.84,134.66,70.57,0.91,-1,-1,-1
384,-1,563.82,172.54,76.18,57.16,0.84,-1,-1,-1
384,-1,208.17,21.92,56.94,33.41,0.78,-1,-1,-1
385,-1,79.74,68.97,135.60,70.30,0.92,-1,-1,-1
385,-1,552.44,171.83,87.56,55.60,0.83,-1,-1,-1
385,-1,208.15,21.93,56.98,33.46,0.79,-1,-1,-1
386,-1,85.76,71.17,141.84,71.81,0.92,-1,-1,-1
386,-1,539.32,168.61,100.68,63.18,0.86,-1,-1,-1
386,-1,208.17,21.91,56.98,33.47,0.78,-1,-1,-1
387,-1,95.07,73.51,142.44,73.20,0.93,-1,-1,-1
387,-1,527.04,164.05,112.81,72.19,0.86,-1,-1,-1
387,-1,208.17,21.98,56.97,33.47,0.78,-1,-1,-1
388,-1,102.68,75.12,145.06,76.28,0.92,-1,-1,-1
388,-1,514.14,162.63,125.77,68.89,0.88,-1,-1,-1
388,-1,208.14,21.97,57.06,33.50,0.78,-1,-1,-1
389,-1,112.07,79.20,145.22,74.21,0.91,-1,-1,-1
389,-1,501.21,156.81,138.63,71.33,0.83,-1,-1,-1
389,-1,208.12,21.92,57.10,33.58,0.76,-1,-1,-1
390,-1,122.91,81.00,146.44,75.84,0.91,-1,-1,-1
390,-1,490.55,154.80,137.27,70.26,0.87,-1,-1,-1
390,-1,208.09,21.95,57.16,33.56,0.77,-1,-1,-1
391,-1,129.79,83.78,150.84,76.08,0.93,-1,-1,-1
391,-1,476.53,151.02,140.27,70.40,0.88,-1,-1,-1
391,-1,208.09,21.93,57.16,33.54,0.76,-1,-1,-1
392,-1,140.00,88.26,152.57,74.72,0.91,-1,-1,-1
392,-1,465.18,147.77,138.25,69.37,0.79,-1,-1,-1
392,-1,208.10,21.89,57.15,33.57,0.75,-1,-1,-1
393,-1,150.54,91.97,151.95,76.93,0.92,-1,-1,-1
393,-1,452.51,145.36,139.67,68.43,0.86,-1,-1,-1
393,-1,208.13,21.89,57.12,33.54,0.75,-1,-1,-1
394,-1,157.99,93.72,159.34,79.55,0.92,-1,-1,-1
394,-1,442.70,141.61,138.20,69.59,0.85,-1,-1,-1
394,-1,208.16,21.88,57.07,33.59,0.76,-1,-1,-1
395,-1,170.31,95.87,158.59,79.77,0.92,-1,-1,-1
395,-1,429.08,139.49,139.03,68.36,0.88,-1,-1,-1
395,-1,208.22,21.91,56.99,33.47,0.76,-1,-1,-1
396,-1,179.10,97.73,162.63,83.10,0.93,-1,-1,-1
396,-1,416.91,136.49,139.01,66.99,0.89,-1,-1,-1
396,-1,208.14,21.89,57.08,33.54,0.77,-1,-1,-1
397,-1,190.23,100.46,163.70,82.81,0.92,-1,-1,-1
397,-1,405.68,132.79,139.78,67.12,0.87,-1,-1,-1
397,-1,208.05,21.85,57.20,33.63,0.78,-1,-1,-1
398,-1,204.40,105.02,163.38,83.73,0.90,-1,-1,-1
398,-1,394.54,130.00,136.79,67.08,0.86,-1,-1,-1
398,-1,208.11,21.87,57.11,33.66,0.77,-1,-1,-1
399,-1,213.80,107.48,168.32,83.96,0.92,-1,-1,-1
399,-1,384.04,126.17,136.18,67.61,0.88,-1,-1,-1
399,-1,208.09,21.87,57.15,33.69,0.76,-1,-1,-1
400,-1,226.05,110.91,169.29,84.55,0.92,-1,-1,-1
400,-1,374.39,122.16,131.01,68.92,0.89,-1,-1,-1
400,-1,208.06,21.92,57.16,33.61,0.77,-1,-1,-1
401,-1,237.42,114.49,171.16,84.83,0.92,-1,-1,-1
401,-1,362.18,119.58,134.17,68.32,0.88,-1,-1,-1
401,-1,208.06,21.92,57.18,33.63,0.76,-1,-1,-1
402,-1,249.75,117.37,171.61,86.72,0.92,-1,-1,-1
402,-1,358.82,116.23,125.24,66.73,0.82,-1,-1,-1
402,-1,208.05,21.91,57.15,33.64,0.77,-1,-1,-1
403,-1,262.96,121.49,170.33,85.60,0.92,-1,-1,-1
403,-1,365.82,112.81,106.14,66.33,0.86,-1,-1,-1
403,-1,208.10,21.93,57.09,33.58,0.78,-1,-1,-1
404,-1,274.37,121.96,174.44,90.06,0.91,-1,-1,-1
404,-1,351.91,112.07,109.43,61.41,0.80,-1,-1,-1
404,-1,208.04,21.96,57.14,33.56,0.77,-1,-1,-1
405,-1,289.91,126.47,173.68,88.99,0.90,-1,-1,-1
405,-1,208.13,22.01,56.97,33.48,0.77,-1,-1,-1
405,-1,337.71,109.19,113.07,53.21,0.73,-1,-1,-1
406,-1,299.40,129.67,178.11,91.48,0.89,-1,-1,-1
406,-1,208.16,21.93,56.98,33.57,0.78,-1,-1,-1
406,-1,304.00,106.39,131.42,45.24,0.70,-1,-1,-1
407,-1,311.47,135.64,179.37,88.33,0.92,-1,-1,-1
407,-1,295.16,104.03,125.92,44.28,0.86,-1,-1,-1
407,-1,208.13,21.87,57.09,33.54,0.76,-1,-1,-1
408,-1,285.52,100.84,127.30,45.40,0.89,-1,-1,-1
408,-1,327.55,139.36,176.46,89.70,0.82,-1,-1,-1
408,-1,208.14,21.85,57.05,33.60,0.78,-1,-1,-1
409,-1,339.97,141.08,179.61,91.18,0.93,-1,-1,-1
409,-1,274.50,97.25,127.76,51.80,0.89,-1,-1,-1
409,-1,208.15,21.82,57.02,33.71,0.79,-1,-1,-1
410,-1,354.22,144.42,180.19,92.04,0.91,-1,-1,-1
410,-1,264.66,95.37,129.84,61.05,0.91,-1,-1,-1
410,-1,208.14,21.79,57.05,33.72,0.78,-1,-1,-1
411,-1,369.50,148.02,178.01,93.21,0.93,-1,-1,-1
411,-1,253.75,94.09,129.82,60.07,0.89,-1,-1,-1
411,-1,208.14,21.81,57.04,33.71,0.77,-1,-1,-1
412,-1,381.36,151.73,178.38,93.62,0.93,-1,-1,-1
412,-1,244.09,91.30,126.96,58.27,0.88,-1,-1,-1
412,-1,208.20,21.80,56.92,33.69,0.75,-1,-1,-1
413,-1,397.80,155.50,178.17,95.23,0.93,-1,-1,-1
413,-1,235.97,88.40,123.70,58.39,0.89,-1,-1,-1
413,-1,208.15,21.77,57.11,33.75,0.74,-1,-1,-1
413,-1,406.83,366.53,157.46,92.49,0.52,-1,-1,-1
414,-1,411.36,159.33,181.41,95.38,0.94,-1,-1,-1
414,-1,225.64,85.33,125.89,60.17,0.84,-1,-1,-1
414,-1,208.18,21.74,57.16,33.82,0.72,-1,-1,-1
414,-1,406.75,366.58,157.64,92.45,0.60,-1,-1,-1
414,-1,0.23,31.10,30.73,49.39,0.56,-1,-1,-1
415,-1,426.91,162.21,179.37,96.73,0.92,-1,-1,-1
415,-1,216.78,82.70,123.78,59.86,0.88,-1,-1,-1
415,-1,208.09,21.83,57.34,33.73,0.76,-1,-1,-1
415,-1,0.11,30.94,38.18,51.76,0.72,-1,-1,-1
415,-1,406.64,366.46,157.83,92.58,0.64,-1,-1,-1
416,-1,441.31,165.86,180.49,97.02,0.93,-1,-1,-1
416,-1,208.23,81.57,122.61,58.08,0.83,-1,-1,-1
416,-1,0.00,31.73,45.21,53.88,0.79,-1,-1,-1
416,-1,208.15,21.83,57.23,33.66,0.77,-1,-1,-1
416,-1,406.61,366.52,157.82,92.49,0.64,-1,-1,-1
417,-1,457.67,169.93,177.98,96.53,0.91,-1,-1,-1
417,-1,0.00,32.85,52.80,56.11,0.82,-1,-1,-1
417,-1,208.20,21.82,57.13,33.65,0.78,-1,-1,-1
417,-1,198.77,77.91,122.17,58.20,0.76,-1,-1,-1
417,-1,406.54,366.42,157.98,92.62,0.57,-1,-1,-1
418,-1,471.51,174.64,168.49,96.56,0.93,-1,-1,-1
418,-1,190.97,75.19,118.78,57.77,0.85,-1,-1,-1
418,-1,208.20,21.84,57.13,33.51,0.79,-1,-1,-1
418,-1,0.00,34.54,60.61,58.38,0.74,-1,-1,-1
418,-1,406.64,366.50,157.81,92.58,0.58,-1,-1,-1
419,-1,486.94,178.21,153.02,96.74,0.92,-1,-1,-1
419,-1,0.00,34.23,71.96,61.83,0.84,-1,-1,-1
419,-1,182.20,71.94,120.60,58.46,0.84,-1,-1,-1
419,-1,208.17,21.92,57.19,33.45,0.77,-1,-1,-1
419,-1,406.56,366.49,157.91,92.59,0.56,-1,-1,-1
420,-1,503.22,185.50,136.78,91.04,0.91,-1,-1,-1
420,-1,0.00,38.35,78.02,60.39,0.89,-1,-1,-1
420,-1,173.78,69.71,116.94,57.26,0.87,-1,-1,-1
420,-1,208.17,22.00,57.11,33.41,0.75,-1,-1,-1
420,-1,406.56,366.49,157.80,92.51,0.62,-1,-1,-1
421,-1,518.07,187.02,121.31,83.65,0.91,-1,-1,-1
421,-1,168.54,67.47,113.48,57.13,0.90,-1,-1,-1
421,-1,0.23,41.63,86.01,60.87,0.89,-1,-1,-1
421,-1,208.14,21.87,56.93,33.63,0.80,-1,-1,-1
421,-1,406.63,366.39,157.63,92.70,0.56,-1,-1,-1
422,-1,533.12,190.17,105.83,76.91,0.92,-1,-1,-1
422,-1,0.00,43.36,95.54,61.18,0.91,-1,-1,-1
422,-1,159.80,65.68,115.73,56.26,0.88,-1,-1,-1
422,-1,208.02,21.85,57.15,33.75,0.81,-1,-1,-1
422,-1,406.56,366.44,157.75,92.59,0.62,-1,-1,-1
423,-1,0.78,46.83,103.19,62.51,0.90,-1,-1,-1
423,-1,549.39,193.64,89.94,74.27,0.90,-1,-1,-1
423,-1,151.28,62.84,115.46,55.51,0.87,-1,-1,-1
423,-1,207.71,21.59,57.68,34.18,0.79,-1,-1,-1
423,-1,406.49,366.51,157.83,92.48,0.66,-1,-1,-1
424,-1,565.28,198.02,74.72,71.99,0.92,-1,-1,-1
424,-1,1.90,48.90,112.10,62.52,0.91,-1,-1,-1
424,-1,143.19,60.47,115.16,55.36,0.90,-1,-1,-1
424,-1,207.56,21.29,58.04,34.59,0.80,-1,-1,-1
424,-1,406.49,366.61,157.76,92.42,0.67,-1,-1,-1
425,-1,8.76,51.61,115.40,62.62,0.91,-1,-1,-1
425,-1,579.41,203.18,60.59,68.87,0.89,-1,-1,-1
425,-1,137.51,57.53,111.81,55.47,0.83,-1,-1,-1
425,-1,207.67,21.14,58.12,34.43,0.80,-1,-1,-1
425,-1,406.44,366.61,157.86,92.42,0.60,-1,-1,-1
426,-1,14.75,55.24,117.78,63.85,0.91,-1,-1,-1
426,-1,593.84,205.05,46.16,71.32,0.89,-1,-1,-1
426,-1,130.65,55.21,109.35,56.43,0.88,-1,-1,-1
426,-1,207.68,21.08,58.13,34.57,0.78,-1,-1,-1
426,-1,406.51,366.70,157.83,92.29,0.62,-1,-1,-1
427,-1,22.97,58.65,121.29,63.05,0.91,-1,-1,-1
427,-1,122.94,52.47,107.47,57.14,0.90,-1,-1,-1
427,-1,611.08,212.51,28.60,59.48,0.84,-1,-1,-1
427,-1,207.86,21.18,57.67,34.34,0.81,-1,-1,-1
427,-1,406.50,366.71,157.74,92.40,0.67,-1,-1,-1
428,-1,31.58,60.89,124.28,65.48,0.92,-1,-1,-1
428,-1,118.48,50.99,105.12,55.39,0.88,-1,-1,-1
428,-1,207.87,21.12,57.66,34.48,0.80,-1,-1,-1
428,-1,627.77,216.73,12.23,50.70,0.59,-1,-1,-1
429,-1,41.58,63.95,124.12,66.63,0.93,-1,-1,-1
429,-1,114.59,50.54,101.51,51.11,0.86,-1,-1,-1
429,-1,208.01,21.25,57.38,34.36,0.80,-1,-1,-1
430,-1,49.74,66.87,126.37,65.90,0.89,-1,-1,-1
430,-1,106.86,49.07,101.44,50.87,0.83,-1,-1,-1
430,-1,208.15,21.27,57.08,34.33,0.81,-1,-1,-1
431,-1,58.90,69.20,128.02,68.50,0.92,-1,-1,-1
431,-1,102.87,46.97,97.80,49.54,0.82,-1,-1,-1
431,-1,208.26,21.36,56.95,34.12,0.78,-1,-1,-1
432,-1,68.41,73.59,129.70,66.44,0.92,-1,-1,-1
432,-1,208.30,21.27,56.90,34.17,0.78,-1,-1,-1
432,-1,87.94,44.02,106.00,49.46,0.72,-1,-1,-1
433,-1,77.81,73.76,132.23,71.32,0.92,-1,-1,-1
433,-1,84.51,41.82,101.14,43.63,0.86,-1,-1,-1
433,-1,208.22,21.10,56.99,34.40,0.79,-1,-1,-1
434,-1,89.53,78.49,132.95,70.47,0.92,-1,-1,-1
434,-1,78.71,40.22,99.22,41.77,0.83,-1,-1,-1
434,-1,208.32,21.28,56.68,34.25,0.79,-1,-1,-1
435,-1,98.00,80.26,137.70,72.75,0.92,-1,-1,-1
435,-1,74.16,38.26,98.03,45.36,0.87,-1,-1,-1
435,-1,208.20,21.29,56.81,34.31,0.78,-1,-1,-1
436,-1,108.36,83.31,140.64,73.06,0.91,-1,-1,-1
436,-1,68.32,36.25,95.74,48.58,0.88,-1,-1,-1
436,-1,208.18,20.96,56.92,34.64,0.77,-1,-1,-1
437,-1,117.06,87.11,145.83,72.61,0.91,-1,-1,-1
437,-1,62.07,34.54,97.84,48.64,0.89,-1,-1,-1
437,-1,208.18,21.16,56.95,34.36,0.76,-1,-1,-1
438,-1,129.16,89.87,146.34,74.55,0.93,-1,-1,-1
438,-1,57.24,33.66,95.71,47.84,0.87,-1,-1,-1
438,-1,208.24,21.57,56.94,33.89,0.76,-1,-1,-1
439,-1,141.92,93.62,147.48,76.14,0.92,-1,-1,-1
439,-1,53.37,32.40,91.63,47.72,0.82,-1,-1,-1
439,-1,208.27,21.60,56.87,33.87,0.75,-1,-1,-1
440,-1,153.92,96.79,149.89,77.16,0.92,-1,-1,-1
440,-1,48.08,29.79,90.14,48.56,0.80,-1,-1,-1
440,-1,208.27,21.76,56.83,33.85,0.75,-1,-1,-1
441,-1,166.75,98.84,151.42,79.62,0.93,-1,-1,-1
441,-1,208.24,21.84,56.89,33.75,0.79,-1,-1,-1
441,-1,42.90,27.59,90.94,49.58,0.79,-1,-1,-1
442,-1,176.41,103.87,156.94,80.13,0.92,-1,-1,-1
442,-1,38.63,26.44,87.88,48.27,0.85,-1,-1,-1
442,-1,208.24,21.77,56.95,33.90,0.79,-1,-1,-1
443,-1,190.57,106.91,156.77,81.59,0.93,-1,-1,-1
443,-1,34.04,24.27,85.75,47.58,0.84,-1,-1,-1
443,-1,208.15,21.67,57.05,34.03,0.80,-1,-1,-1
444,-1,203.42,110.88,160.00,81.32,0.92,-1,-1,-1
444,-1,30.92,22.36,84.97,47.73,0.83,-1,-1,-1
444,-1,208.16,21.82,57.05,33.95,0.80,-1,-1,-1
445,-1,216.22,113.88,162.02,83.51,0.93,-1,-1,-1
445,-1,26.40,21.24,83.14,46.33,0.88,-1,-1,-1
445,-1,208.09,21.94,57.19,33.81,0.78,-1,-1,-1
446,-1,231.80,118.79,161.45,83.13,0.92,-1,-1,-1
446,-1,22.42,20.06,80.95,46.03,0.86,-1,-1,-1
446,-1,208.16,21.87,57.10,33.90,0.79,-1,-1,-1
447,-1,245.23,122.29,163.13,84.85,0.93,-1,-1,-1
447,-1,20.53,18.47,78.51,46.86,0.87,-1,-1,-1
447,-1,208.18,21.99,57.10,33.64,0.82,-1,-1,-1
448,-1,259.95,124.71,161.35,86.35,0.93,-1,-1,-1
448,-1,16.00,15.69,77.44,47.15,0.87,-1,-1,-1
448,-1,208.14,21.78,57.08,33.89,0.80,-1,-1,-1
449,-1,273.13,129.48,167.69,87.40,0.92,-1,-1,-1
449,-1,208.22,21.75,56.97,33.91,0.81,-1,-1,-1
449,-1,11.44,15.90,78.05,45.02,0.79,-1,-1,-1
450,-1,286.74,134.12,169.22,85.72,0.93,-1,-1,-1
450,-1,208.24,21.83,56.94,33.75,0.80,-1,-1,-1
450,-1,8.74,14.45,76.51,44.82,0.79,-1,-1,-1
451,-1,302.24,137.14,169.96,88.76,0.90,-1,-1,-1
451,-1,4.88,11.14,74.69,44.52,0.82,-1,-1,-1
451,-1,208.23,22.21,56.94,33.33,0.80,-1,-1,-1
451,-1,405.83,366.98,159.22,91.97,0.58,-1,-1,-1
452,-1,315.98,140.83,172.39,89.22,0.93,-1,-1,-1
452,-1,1.74,11.50,74.27,43.00,0.85,-1,-1,-1
452,-1,208.25,22.26,56.89,33.31,0.80,-1,-1,-1
452,-1,405.84,366.93,159.15,92.08,0.59,-1,-1,-1
453,-1,330.70,145.32,172.78,89.32,0.92,-1,-1,-1
453,-1,0.56,9.97,70.31,42.56,0.86,-1,-1,-1
453,-1,208.31,22.21,56.74,33.33,0.81,-1,-1,-1
453,-1,405.84,366.89,159.15,92.10,0.63,-1,-1,-1
454,-1,346.15,149.67,174.31,91.51,0.92,-1,-1,-1
454,-1,0.04,8.62,66.39,42.68,0.84,-1,-1,-1
454,-1,208.36,22.12,56.68,33.44,0.81,-1,-1,-1
454,-1,405.71,366.94,159.33,91.94,0.67,-1,-1,-1
455,-1,362.68,154.54,173.57,90.87,0.92,-1,-1,-1
455,-1,208.42,21.99,56.57,33.63,0.79,-1,-1,-1
455,-1,0.00,4.58,61.55,45.79,0.79,-1,-1,-1
455,-1,405.65,366.95,159.45,91.91,0.67,-1,-1,-1
456,-1,379.09,156.94,173.57,91.19,0.92,-1,-1,-1
456,-1,0.09,5.88,58.48,42.31,0.86,-1,-1,-1
456,-1,208.42,21.91,56.57,33.72,0.80,-1,-1,-1
456,-1,405.70,367.12,159.32,91.68,0.71,-1,-1,-1
457,-1,394.43,161.12,174.32,94.04,0.92,-1,-1,-1
457,-1,0.00,2.16,55.32,44.75,0.86,-1,-1,-1
457,-1,208.40,21.84,56.59,33.83,0.81,-1,-1,-1
457,-1,405.61,366.90,159.57,92.02,0.74,-1,-1,-1
458,-1,408.41,165.07,177.11,94.82,0.93,-1,-1,-1
458,-1,208.42,21.84,56.55,33.85,0.81,-1,-1,-1
458,-1,0.21,3.04,50.75,42.74,0.75,-1,-1,-1
458,-1,405.56,366.94,159.64,91.88,0.73,-1,-1,-1
459,-1,426.88,169.46,175.20,94.51,0.91,-1,-1,-1
459,-1,208.39,21.71,56.57,33.94,0.81,-1,-1,-1
459,-1,405.57,366.96,159.58,91.89,0.74,-1,-1,-1
459,-1,0.09,2.81,47.11,40.93,0.73,-1,-1,-1
460,-1,441.78,173.53,177.18,95.50,0.93,-1,-1,-1
460,-1,208.40,21.75,56.49,33.91,0.81,-1,-1,-1
460,-1,0.08,1.72,44.72,40.93,0.74,-1,-1,-1
460,-1,405.60,367.05,159.60,91.72,0.72,-1,-1,-1
461,-1,458.95,178.50,175.51,96.68,0.93,-1,-1,-1
461,-1,208.42,21.85,56.43,33.79,0.81,-1,-1,-1
461,-1,0.00,2.10,41.17,38.29,0.77,-1,-1,-1
461,-1,405.59,367.00,159.59,91.83,0.73,-1,-1,-1
462,-1,475.28,183.44,164.72,96.21,0.93,-1,-1,-1
462,-1,208.39,21.81,56.53,33.80,0.81,-1,-1,-1
462,-1,0.21,1.86,37.37,37.35,0.77,-1,-1,-1
462,-1,405.50,366.88,159.75,91.97,0.71,-1,-1,-1
463,-1,491.38,187.99,148.62,94.97,0.94,-1,-1,-1
463,-1,208.38,21.94,56.51,33.69,0.80,-1,-1,-1
463,-1,405.58,367.14,159.65,91.64,0.74,-1,-1,-1
463,-1,0.00,2.21,34.04,35.00,0.73,-1,-1,-1
464,-1,508.22,190.07,131.78,93.66,0.93,-1,-1,-1
464,-1,208.35,21.68,56.50,33.98,0.80,-1,-1,-1
464,-1,0.00,1.36,30.72,34.36,0.79,-1,-1,-1
464,-1,405.57,366.89,159.61,92.02,0.71,-1,-1,-1
465,-1,524.90,194.04,114.19,83.32,0.93,-1,-1,-1
465,-1,208.38,21.53,56.44,34.10,0.80,-1,-1,-1
465,-1,0.00,0.17,28.73,35.58,0.78,-1,-1,-1
465,-1,405.71,366.91,159.51,91.98,0.72,-1,-1,-1
466,-1,542.31,200.75,97.69,77.02,0.92,-1,-1,-1
466,-1,208.31,21.81,56.50,33.92,0.81,-1,-1,-1
466,-1,0.03,0.25,24.51,33.43,0.78,-1,-1,-1
466,-1,405.62,366.91,159.51,91.97,0.69,-1,-1,-1
467,-1,558.72,203.99,81.02,75.62,0.92,-1,-1,-1
467,-1,208.30,21.77,56.52,33.98,0.80,-1,-1,-1
467,-1,0.00,0.00,21.79,32.31,0.79,-1,-1,-1
467,-1,405.64,367.08,159.51,91.77,0.70,-1,-1,-1
468,-1,574.87,206.97,65.13,74.30,0.88,-1,-1,-1
468,-1,208.32,21.65,56.47,34.08,0.78,-1,-1,-1
468,-1,0.00,0.00,19.07,31.27,0.71,-1,-1,-1
468,-1,405.70,367.14,159.49,91.72,0.68,-1,-1,-1
469,-1,591.40,211.80,48.33,71.61,0.91,-1,-1,-1
469,-1,208.30,21.37,56.43,34.43,0.79,-1,-1,-1
469,-1,405.72,367.25,159.41,91.58,0.70,-1,-1,-1
470,-1,608.59,218.68,31.41,62.52,0.86,-1,-1,-1
470,-1,208.28,21.32,56.47,34.43,0.79,-1,-1,-1
470,-1,405.73,367.30,159.16,91.64,0.69,-1,-1,-1
470,-1,0.00,1.11,12.63,26.56,0.55,-1,-1,-1
471,-1,208.24,21.53,56.57,34.15,0.80,-1,-1,-1
471,-1,625.37,223.19,14.44,50.07,0.67,-1,-1,-1
472,-1,208.27,21.49,56.54,34.12,0.78,-1,-1,-1
473,-1,208.31,21.76,56.52,33.86,0.78,-1,-1,-1
474,-1,208.28,21.86,56.61,33.76,0.79,-1,-1,-1
474,-1,190.47,0.00,88.32,20.31,0.50,-1,-1,-1
475,-1,208.30,21.91,56.57,33.59,0.78,-1,-1,-1
476,-1,208.32,21.75,56.47,33.76,0.78,-1,-1,-1
477,-1,208.31,21.69,56.52,33.91,0.78,-1,-1,-1
478,-1,208.18,21.71,56.76,33.78,0.78,-1,-1,-1
478,-1,620.52,198.96,19.40,41.18,0.73,-1,-1,-1
479,-1,208.20,21.70,56.73,33.80,0.79,-1,-1,-1
479,-1,613.37,198.28,26.63,43.18,0.77,-1,-1,-1
479,-1,405.65,366.88,159.55,91.99,0.53,-1,-1,-1
480,-1,208.19,21.72,56.77,33.78,0.79,-1,-1,-1
480,-1,604.84,196.14,35.16,45.70,0.75,-1,-1,-1
480,-1,405.72,366.93,159.46,91.94,0.53,-1,-1,-1
481,-1,208.20,21.79,56.77,33.77,0.79,-1,-1,-1
481,-1,597.18,195.12,42.14,44.70,0.65,-1,-1,-1
481,-1,405.78,366.88,159.45,92.00,0.51,-1,-1,-1
482,-1,208.23,21.82,56.74,33.75,0.80,-1,-1,-1
482,-1,590.06,191.85,49.94,46.17,0.70,-1,-1,-1
482,-1,405.71,366.92,159.50,91.95,0.52,-1,-1,-1
483,-1,208.23,21.80,56.75,33.75,0.79,-1,-1,-1
483,-1,583.16,188.76,56.55,47.53,0.77,-1,-1,-1
483,-1,405.70,366.85,159.49,92.01,0.52,-1,-1,-1
484,-1,575.58,184.79,64.42,49.96,0.84,-1,-1,-1
484,-1,208.29,21.84,56.67,33.71,0.79,-1,-1,-1
484,-1,405.66,366.87,159.54,91.91,0.54,-1,-1,-1
484,-1,191.37,0.00,85.72,22.33,0.50,-1,-1,-1
485,-1,569.96,183.16,70.04,51.35,0.80,-1,-1,-1
485,-1,208.24,21.75,56.76,33.84,0.79,-1,-1,-1
485,-1,405.67,366.85,159.42,91.86,0.54,-1,-1,-1
486,-1,561.44,179.40,78.42,54.44,0.79,-1,-1,-1
486,-1,208.22,21.79,56.80,33.81,0.78,-1,-1,-1
486,-1,405.68,366.81,159.43,91.96,0.55,-1,-1,-1
486,-1,0.33,32.33,16.04,39.37,0.52,-1,-1,-1
487,-1,554.03,176.18,85.79,59.26,0.80,-1,-1,-1
487,-1,208.15,21.79,56.90,33.77,0.78,-1,-1,-1
487,-1,0.34,28.54,21.88,45.01,0.74,-1,-1,-1
487,-1,405.66,366.82,159.45,91.92,0.59,-1,-1,-1
488,-1,547.77,174.14,91.97,61.07,0.86,-1,-1,-1
488,-1,208.12,21.64,56.91,33.97,0.79,-1,-1,-1
488,-1,0.02,29.76,28.67,46.61,0.71,-1,-1,-1
488,-1,405.64,366.82,159.44,91.94,0.59,-1,-1,-1
489,-1,540.33,172.35,99.60,67.73,0.87,-1,-1,-1
489,-1,208.14,21.68,56.92,33.95,0.79,-1,-1,-1
489,-1,0.00,29.10,34.86,49.00,0.77,-1,-1,-1
489,-1,405.60,366.69,159.49,92.10,0.56,-1,-1,-1
490,-1,532.01,171.47,107.95,69.86,0.86,-1,-1,-1
490,-1,0.00,29.64,40.89,52.02,0.83,-1,-1,-1
490,-1,208.14,21.73,56.92,33.93,0.78,-1,-1,-1
490,-1,405.62,366.73,159.45,92.09,0.52,-1,-1,-1
491,-1,524.90,169.73,115.10,71.35,0.87,-1,-1,-1
491,-1,0.01,31.88,46.55,52.09,0.86,-1,-1,-1
491,-1,208.14,21.73,56.91,33.89,0.78,-1,-1,-1
491,-1,405.63,366.71,159.43,92.14,0.53,-1,-1,-1
492,-1,518.42,167.47,121.05,72.09,0.88,-1,-1,-1
492,-1,0.00,34.96,53.58,52.65,0.88,-1,-1,-1
492,-1,208.11,21.77,56.97,33.83,0.78,-1,-1,-1
493,-1,511.09,166.08,128.91,71.67,0.88,-1,-1,-1
493,-1,0.60,37.01,59.57,52.43,0.87,-1,-1,-1
493,-1,208.11,21.81,57.02,33.74,0.78,-1,-1,-1
493,-1,405.67,366.73,159.51,92.09,0.53,-1,-1,-1
494,-1,503.77,163.99,135.47,71.84,0.85,-1,-1,-1
494,-1,0.00,36.00,66.86,57.11,0.83,-1,-1,-1
494,-1,208.15,21.71,56.93,33.88,0.79,-1,-1,-1
494,-1,405.72,366.74,159.44,92.05,0.50,-1,-1,-1
495,-1,0.00,37.19,73.26,57.54,0.88,-1,-1,-1
495,-1,496.29,162.98,136.58,70.13,0.83,-1,-1,-1
495,-1,208.19,21.66,56.87,33.96,0.79,-1,-1,-1
495,-1,405.80,366.73,159.31,92.02,0.50,-1,-1,-1
496,-1,490.33,161.78,136.20,70.63,0.79,-1,-1,-1
496,-1,208.25,21.59,56.80,34.05,0.77,-1,-1,-1
496,-1,0.00,38.88,81.52,58.59,0.75,-1,-1,-1
496,-1,405.85,366.81,159.25,91.91,0.53,-1,-1,-1
497,-1,484.77,160.07,135.72,69.27,0.81,-1,-1,-1
497,-1,0.40,41.21,86.34,60.68,0.81,-1,-1,-1
497,-1,208.25,21.60,56.81,33.97,0.78,-1,-1,-1
497,-1,405.87,366.81,159.20,91.96,0.54,-1,-1,-1
498,-1,2.80,43.81,93.18,60.11,0.87,-1,-1,-1
498,-1,208.24,21.59,56.70,34.04,0.78,-1,-1,-1
498,-1,477.86,158.07,135.93,70.11,0.63,-1,-1,-1
498,-1,405.89,366.88,159.24,91.86,0.57,-1,-1,-1
499,-1,8.21,46.77,95.62,60.81,0.86,-1,-1,-1
499,-1,208.21,21.60,56.74,34.06,0.78,-1,-1,-1
499,-1,472.03,155.20,136.32,70.90,0.63,-1,-1,-1
499,-1,405.92,366.84,159.25,91.98,0.50,-1,-1,-1
500,-1,14.46,49.07,97.16,60.83,0.90,-1,-1,-1
500,-1,208.15,21.64,56.85,33.99,0.78,-1,-1,-1
500,-1,465.26,154.64,135.17,69.70,0.70,-1,-1,-1
500,-1,405.90,366.88,159.22,91.94,0.51,-1,-1,-1
501,-1,21.52,50.39,98.84,62.88,0.92,-1,-1,-1
501,-1,459.08,151.51,134.59,71.75,0.81,-1,-1,-1
501,-1,208.15,21.59,56.85,34.10,0.79,-1,-1,-1
501,-1,405.83,366.82,159.29,91.97,0.53,-1,-1,-1
502,-1,26.65,52.12,103.37,63.57,0.88,-1,-1,-1
502,-1,452.08,151.35,135.30,69.55,0.84,-1,-1,-1
502,-1,208.15,21.57,56.85,34.11,0.79,-1,-1,-1
502,-1,405.90,366.92,159.23,91.88,0.56,-1,-1,-1
503,-1,34.60,55.79,102.88,62.80,0.87,-1,-1,-1
503,-1,445.29,147.98,136.27,72.08,0.82,-1,-1,-1
503,-1,208.16,21.57,56.91,34.11,0.77,-1,-1,-1
503,-1,405.93,366.97,159.23,91.80,0.58,-1,-1,-1
504,-1,42.32,58.66,105.31,64.55,0.91,-1,-1,-1
504,-1,439.76,147.79,136.56,68.29,0.84,-1,-1,-1
504,-1,208.11,21.46,57.03,34.16,0.78,-1,-1,-1
504,-1,405.94,367.05,159.27,91.69,0.57,-1,-1,-1
505,-1,48.78,62.14,108.45,63.93,0.86,-1,-1,-1
505,-1,433.92,147.60,133.90,66.89,0.83,-1,-1,-1
505,-1,208.13,21.40,57.05,34.18,0.78,-1,-1,-1
505,-1,405.90,366.90,159.20,91.87,0.56,-1,-1,-1
506,-1,58.05,63.57,108.31,65.71,0.90,-1,-1,-1
506,-1,208.14,21.34,57.05,34.24,0.80,-1,-1,-1
506,-1,427.27,144.44,134.80,68.83,0.79,-1,-1,-1
506,-1,405.86,366.83,159.22,91.99,0.54,-1,-1,-1
507,-1,420.95,143.64,134.59,68.09,0.88,-1,-1,-1
507,-1,64.54,66.05,112.98,65.93,0.84,-1,-1,-1
507,-1,208.18,21.30,57.00,34.25,0.79,-1,-1,-1
507,-1,405.89,366.90,159.19,91.91,0.52,-1,-1,-1
508,-1,73.25,68.57,113.06,67.29,0.89,-1,-1,-1
508,-1,414.93,142.29,135.21,67.72,0.81,-1,-1,-1
508,-1,208.16,21.31,57.05,34.32,0.79,-1,-1,-1
508,-1,405.93,366.94,159.16,91.90,0.53,-1,-1,-1
509,-1,81.25,70.08,115.22,69.77,0.90,-1,-1,-1
509,-1,410.60,140.57,131.24,68.00,0.84,-1,-1,-1
509,-1,208.19,21.30,57.01,34.19,0.78,-1,-1,-1
509,-1,405.95,366.94,159.08,91.88,0.51,-1,-1,-1
510,-1,90.54,73.43,117.95,68.75,0.89,-1,-1,-1
510,-1,402.05,139.51,133.02,66.97,0.81,-1,-1,-1
510,-1,208.14,21.21,57.09,34.29,0.77,-1,-1,-1
510,-1,405.91,366.98,159.06,91.81,0.52,-1,-1,-1
511,-1,99.74,76.66,118.43,68.50,0.91,-1,-1,-1
511,-1,395.38,137.63,133.79,67.07,0.84,-1,-1,-1
511,-1,208.14,21.23,57.09,34.33,0.77,-1,-1,-1
512,-1,108.58,77.82,121.13,71.51,0.88,-1,-1,-1
512,-1,389.64,135.84,134.16,66.64,0.85,-1,-1,-1
512,-1,208.07,21.25,57.18,34.28,0.77,-1,-1,-1
513,-1,383.43,133.16,134.14,69.09,0.88,-1,-1,-1
513,-1,119.78,81.23,121.79,72.25,0.87,-1,-1,-1
513,-1,208.06,21.21,57.28,34.45,0.76,-1,-1,-1
514,-1,127.77,83.92,122.54,74.04,0.87,-1,-1,-1
514,-1,377.11,133.17,135.66,66.09,0.85,-1,-1,-1
514,-1,208.10,21.22,57.25,34.40,0.77,-1,-1,-1
515,-1,139.05,87.81,124.13,72.88,0.91,-1,-1,-1
515,-1,373.90,131.22,130.65,66.31,0.86,-1,-1,-1
515,-1,208.18,21.26,57.07,34.29,0.78,-1,-1,-1
516,-1,150.09,90.70,125.92,73.89,0.91,-1,-1,-1
516,-1,208.28,21.35,56.93,34.09,0.79,-1,-1,-1
516,-1,367.30,125.78,130.75,70.41,0.78,-1,-1,-1
517,-1,158.82,93.16,129.29,76.40,0.92,-1,-1,-1
517,-1,360.22,125.68,133.92,68.64,0.81,-1,-1,-1
517,-1,208.28,21.34,56.94,34.22,0.79,-1,-1,-1
518,-1,171.20,96.24,128.80,78.47,0.89,-1,-1,-1
518,-1,208.29,21.33,56.93,34.14,0.78,-1,-1,-1
518,-1,354.29,125.04,134.04,68.03,0.77,-1,-1,-1
518,-1,629.59,178.16,10.41,46.28,0.50,-1,-1,-1
519,-1,182.14,99.78,131.45,76.79,0.92,-1,-1,-1
519,-1,348.45,125.29,130.16,65.84,0.83,-1,-1,-1
519,-1,208.30,21.38,56.93,34.23,0.80,-1,-1,-1
519,-1,620.78,166.10,19.19,58.18,0.74,-1,-1,-1
519,-1,405.71,366.89,159.08,92.01,0.51,-1,-1,-1
520,-1,193.86,102.85,132.71,78.39,0.93,-1,-1,-1
520,-1,343.32,122.17,129.76,67.51,0.89,-1,-1,-1
520,-1,208.27,21.37,56.94,34.35,0.79,-1,-1,-1
520,-1,613.13,157.87,26.74,68.21,0.78,-1,-1,-1
520,-1,405.81,366.91,158.94,91.96,0.56,-1,-1,-1
521,-1,205.32,105.72,134.21,80.95,0.87,-1,-1,-1
521,-1,337.88,120.35,130.31,67.65,0.84,-1,-1,-1
521,-1,208.23,21.37,56.97,34.34,0.79,-1,-1,-1
521,-1,606.77,146.21,33.16,82.87,0.67,-1,-1,-1
521,-1,405.89,366.84,158.84,92.04,0.53,-1,-1,-1
522,-1,218.10,109.10,135.65,82.17,0.87,-1,-1,-1
522,-1,332.43,119.68,130.91,65.88,0.84,-1,-1,-1
522,-1,208.29,21.42,56.86,34.39,0.80,-1,-1,-1
522,-1,595.83,143.29,43.81,86.05,0.65,-1,-1,-1
522,-1,405.89,366.82,158.87,92.06,0.51,-1,-1,-1
523,-1,229.51,112.15,138.60,82.71,0.91,-1,-1,-1
523,-1,331.99,118.97,125.12,65.52,0.85,-1,-1,-1
523,-1,208.31,21.47,56.88,34.34,0.79,-1,-1,-1
523,-1,590.46,141.39,49.52,87.09,0.69,-1,-1,-1
523,-1,405.93,366.84,158.89,92.01,0.52,-1,-1,-1
524,-1,241.85,116.76,141.21,81.86,0.91,-1,-1,-1
524,-1,338.32,118.52,112.34,62.73,0.81,-1,-1,-1
524,-1,208.29,21.50,56.91,34.30,0.81,-1,-1,-1
524,-1,582.56,140.18,57.35,86.58,0.55,-1,-1,-1
524,-1,405.92,366.80,158.84,92.07,0.53,-1,-1,-1
525,-1,253.82,121.77,141.52,82.31,0.91,-1,-1,-1
525,-1,333.49,116.62,111.42,62.98,0.82,-1,-1,-1
525,-1,208.30,21.52,56.88,34.27,0.81,-1,-1,-1
525,-1,575.17,135.15,64.83,89.36,0.67,-1,-1,-1
526,-1,267.15,124.87,141.07,82.34,0.91,-1,-1,-1
526,-1,338.93,114.90,101.17,63.99,0.86,-1,-1,-1
526,-1,208.30,21.53,56.87,34.26,0.80,-1,-1,-1
526,-1,567.42,134.88,70.04,87.97,0.67,-1,-1,-1
526,-1,405.93,366.88,158.87,91.97,0.50,-1,-1,-1
527,-1,280.38,127.81,140.69,83.40,0.91,-1,-1,-1
527,-1,335.01,113.18,98.66,61.00,0.84,-1,-1,-1
527,-1,208.28,21.56,56.89,34.24,0.80,-1,-1,-1
527,-1,405.97,366.90,158.84,91.90,0.51,-1,-1,-1
528,-1,294.18,124.95,142.24,90.74,0.87,-1,-1,-1
528,-1,208.34,21.58,56.79,34.20,0.79,-1,-1,-1
528,-1,300.90,113.49,129.24,53.78,0.60,-1,-1,-1
528,-1,406.01,366.85,158.76,91.97,0.55,-1,-1,-1
529,-1,306.29,138.21,145.49,82.94,0.85,-1,-1,-1
529,-1,208.35,21.55,56.79,34.18,0.78,-1,-1,-1
529,-1,292.47,110.13,125.83,45.55,0.70,-1,-1,-1
529,-1,405.93,366.82,158.87,92.00,0.59,-1,-1,-1
530,-1,323.30,140.82,139.65,85.38,0.91,-1,-1,-1
530,-1,283.85,108.19,129.22,47.64,0.86,-1,-1,-1
530,-1,208.25,21.47,56.99,34.33,0.79,-1,-1,-1
530,-1,405.95,366.85,158.75,91.93,0.65,-1,-1,-1
531,-1,335.45,142.76,144.90,86.26,0.91,-1,-1,-1
531,-1,278.70,106.78,127.87,49.02,0.87,-1,-1,-1
531,-1,208.27,21.51,56.96,34.32,0.80,-1,-1,-1
531,-1,405.87,366.79,158.76,91.99,0.62,-1,-1,-1
532,-1,348.10,144.22,147.64,90.22,0.90,-1,-1,-1
532,-1,272.71,105.17,125.55,55.56,0.86,-1,-1,-1
532,-1,208.29,21.46,56.93,34.30,0.80,-1,-1,-1
532,-1,405.99,366.78,158.65,91.96,0.64,-1,-1,-1
533,-1,362.75,147.76,147.78,91.46,0.91,-1,-1,-1
533,-1,267.04,105.59,127.46,61.39,0.89,-1,-1,-1
533,-1,208.28,21.49,56.93,34.33,0.80,-1,-1,-1
533,-1,405.95,366.72,158.67,92.08,0.63,-1,-1,-1
534,-1,377.02,152.28,148.97,90.42,0.92,-1,-1,-1
534,-1,261.25,104.23,129.26,62.66,0.88,-1,-1,-1
534,-1,208.26,21.50,56.97,34.36,0.80,-1,-1,-1
534,-1,405.88,366.73,158.73,92.03,0.64,-1,-1,-1
535,-1,392.97,156.63,146.99,89.48,0.90,-1,-1,-1
535,-1,255.28,103.91,130.26,61.64,0.83,-1,-1,-1
535,-1,208.32,21.52,56.86,34.28,0.78,-1,-1,-1
535,-1,405.88,366.81,158.72,91.96,0.55,-1,-1,-1
536,-1,408.78,161.87,145.87,90.75,0.91,-1,-1,-1
536,-1,249.25,102.74,130.72,61.11,0.84,-1,-1,-1
536,-1,208.34,21.53,56.83,34.21,0.78,-1,-1,-1
536,-1,405.97,367.04,158.69,91.78,0.66,-1,-1,-1
536,-1,478.42,97.23,53.33,59.09,0.61,-1,-1,-1
536,-1,498.22,118.80,67.84,82.96,0.56,-1,-1,-1
537,-1,424.13,165.40,144.67,91.53,0.91,-1,-1,-1
537,-1,244.86,99.65,129.26,62.53,0.85,-1,-1,-1
537,-1,208.30,21.53,56.88,34.21,0.79,-1,-1,-1
537,-1,478.37,96.04,52.58,59.62,0.71,-1,-1,-1
537,-1,405.88,367.02,158.82,91.78,0.64,-1,-1,-1
538,-1,438.76,168.85,144.10,93.79,0.88,-1,-1,-1
538,-1,240.23,98.28,125.60,61.54,0.85,-1,-1,-1
538,-1,208.25,21.46,56.97,34.24,0.80,-1,-1,-1
538,-1,405.89,367.08,158.80,91.69,0.68,-1,-1,-1
538,-1,477.88,96.81,51.86,56.26,0.59,-1,-1,-1
539,-1,452.41,172.12,147.53,92.60,0.90,-1,-1,-1
539,-1,232.64,97.91,129.50,61.44,0.83,-1,-1,-1
539,-1,208.28,21.43,56.92,34.27,0.77,-1,-1,-1
539,-1,405.93,367.16,158.84,91.57,0.68,-1,-1,-1
540,-1,468.52,175.74,147.80,93.96,0.91,-1,-1,-1
540,-1,227.10,96.48,130.23,61.85,0.76,-1,-1,-1
540,-1,208.33,21.42,56.86,34.29,0.74,-1,-1,-1
540,-1,405.97,367.06,158.77,91.65,0.69,-1,-1,-1
540,-1,474.00,112.90,66.71,66.59,0.66,-1,-1,-1
541,-1,484.12,179.05,146.56,95.21,0.91,-1,-1,-1
541,-1,222.40,94.91,125.32,62.16,0.84,-1,-1,-1
541,-1,208.33,21.43,56.87,34.31,0.75,-1,-1,-1
541,-1,406.02,367.17,158.67,91.57,0.69,-1,-1,-1
542,-1,499.48,184.04,140.35,94.75,0.92,-1,-1,-1
542,-1,214.45,91.77,129.37,63.54,0.87,-1,-1,-1
542,-1,208.33,21.44,56.90,34.26,0.74,-1,-1,-1
542,-1,405.90,367.15,158.89,91.59,0.71,-1,-1,-1
542,-1,460.13,100.91,69.50,89.42,0.61,-1,-1,-1
543,-1,514.06,188.94,125.94,93.31,0.92,-1,-1,-1
543,-1,209.80,92.10,127.38,60.22,0.81,-1,-1,-1
543,-1,208.32,21.42,56.93,34.27,0.75,-1,-1,-1
543,-1,405.94,367.11,158.84,91.74,0.64,-1,-1,-1
544,-1,528.72,191.87,111.28,97.03,0.90,-1,-1,-1
544,-1,203.25,89.40,127.94,61.58,0.83,-1,-1,-1
544,-1,208.27,21.40,57.05,34.38,0.74,-1,-1,-1
544,-1,405.96,367.25,158.80,91.57,0.67,-1,-1,-1
545,-1,544.19,196.85,95.52,83.80,0.89,-1,-1,-1
545,-1,196.32,86.45,127.59,64.03,0.86,-1,-1,-1
545,-1,208.30,21.42,56.99,34.45,0.73,-1,-1,-1
545,-1,405.87,367.16,158.91,91.70,0.67,-1,-1,-1
546,-1,559.42,200.65,80.31,78.99,0.89,-1,-1,-1
546,-1,189.04,86.44,130.04,61.00,0.75,-1,-1,-1
546,-1,208.34,21.42,56.96,34.34,0.72,-1,-1,-1
546,-1,405.89,367.06,158.81,91.82,0.68,-1,-1,-1
547,-1,574.03,202.76,65.97,77.10,0.85,-1,-1,-1
547,-1,184.49,86.01,126.91,60.91,0.81,-1,-1,-1
547,-1,208.34,21.50,57.04,34.26,0.73,-1,-1,-1
547,-1,405.88,367.11,158.85,91.76,0.64,-1,-1,-1
548,-1,588.73,206.69,51.27,72.84,0.87,-1,-1,-1
548,-1,177.79,83.97,128.21,62.08,0.76,-1,-1,-1
548,-1,208.37,21.54,57.02,34.21,0.70,-1,-1,-1
548,-1,405.89,367.17,158.92,91.65,0.61,-1,-1,-1
549,-1,604.73,210.80,35.13,72.06,0.81,-1,-1,-1
549,-1,171.01,84.16,128.16,59.99,0.71,-1,-1,-1
549,-1,208.34,21.54,57.08,34.26,0.71,-1,-1,-1
549,-1,405.94,367.21,158.82,91.64,0.61,-1,-1,-1
550,-1,208.30,21.53,57.11,34.21,0.72,-1,-1,-1
550,-1,619.68,220.65,20.32,62.86,0.69,-1,-1,-1
550,-1,165.47,80.46,125.32,62.71,0.69,-1,-1,-1
550,-1,405.97,367.17,158.80,91.67,0.62,-1,-1,-1
551,-1,208.29,21.63,57.07,34.02,0.73,-1,-1,-1
551,-1,159.77,79.19,123.22,63.94,0.58,-1,-1,-1
552,-1,208.21,21.59,57.15,34.12,0.72,-1,-1,-1
552,-1,151.62,80.58,125.72,61.58,0.69,-1,-1,-1
553,-1,208.16,21.63,57.15,34.04,0.74,-1,-1,-1
553,-1,144.02,78.17,125.34,60.74,0.58,-1,-1,-1
554,-1,208.22,21.68,57.07,33.97,0.77,-1,-1,-1
554,-1,136.12,75.78,128.27,63.16,0.69,-1,-1,-1
555,-1,208.22,21.71,56.98,34.01,0.77,-1,-1,-1
555,-1,129.71,74.45,123.78,62.55,0.58,-1,-1,-1
556,-1,208.20,21.70,57.00,33.99,0.78,-1,-1,-1
556,-1,123.39,73.51,126.47,61.56,0.77,-1,-1,-1
557,-1,208.17,21.70,57.07,33.89,0.79,-1,-1,-1
557,-1,115.96,72.21,127.13,61.54,0.73,-1,-1,-1
558,-1,208.23,21.69,56.95,34.00,0.78,-1,-1,-1
558,-1,109.86,70.58,127.16,60.66,0.76,-1,-1,-1
559,-1,208.26,21.68,56.88,33.99,0.79,-1,-1,-1
559,-1,102.48,69.71,127.69,60.27,0.72,-1,-1,-1
560,-1,208.29,21.73,56.81,33.96,0.79,-1,-1,-1
560,-1,95.64,68.49,127.16,60.56,0.72,-1,-1,-1
561,-1,208.30,21.71,56.84,33.97,0.77,-1,-1,-1
561,-1,88.59,67.70,127.84,60.87,0.72,-1,-1,-1
562,-1,208.27,21.66,56.80,33.94,0.78,-1,-1,-1
562,-1,81.60,66.75,126.88,59.98,0.73,-1,-1,-1
563,-1,208.28,21.64,56.76,34.00,0.79,-1,-1,-1
563,-1,73.36,66.71,128.28,59.46,0.71,-1,-1,-1
564,-1,208.33,21.62,56.74,34.06,0.76,-1,-1,-1
564,-1,67.47,66.25,123.69,58.06,0.61,-1,-1,-1
565,-1,208.33,21.62,56.73,33.99,0.73,-1,-1,-1
565,-1,62.68,61.87,122.72,62.92,0.52,-1,-1,-1
566,-1,208.28,21.65,56.76,33.99,0.74,-1,-1,-1
566,-1,53.83,60.96,124.96,61.19,0.56,-1,-1,-1
567,-1,208.29,21.62,56.77,34.11,0.73,-1,-1,-1
568,-1,208.25,21.61,56.84,34.11,0.72,-1,-1,-1
569,-1,208.17,21.65,57.00,34.12,0.71,-1,-1,-1
570,-1,208.15,21.68,57.06,34.11,0.73,-1,-1,-1
570,-1,22.19,55.83,125.25,60.64,0.66,-1,-1,-1
571,-1,208.22,21.74,56.92,34.14,0.75,-1,-1,-1
571,-1,16.17,54.95,126.67,60.83,0.65,-1,-1,-1
572,-1,208.24,21.75,56.95,34.13,0.75,-1,-1,-1
572,-1,7.73,54.20,125.15,59.95,0.71,-1,-1,-1
573,-1,2.62,54.06,124.44,59.58,0.82,-1,-1,-1
573,-1,208.27,21.74,56.88,34.09,0.76,-1,-1,-1
574,-1,0.00,54.76,118.49,58.54,0.76,-1,-1,-1
574,-1,208.20,21.71,57.06,34.21,0.72,-1,-1,-1
575,-1,0.00,52.70,111.78,59.12,0.76,-1,-1,-1
575,-1,208.19,21.65,57.18,34.26,0.69,-1,-1,-1
576,-1,208.25,21.63,57.08,34.22,0.71,-1,-1,-1
576,-1,0.75,51.72,103.81,59.34,0.67,-1,-1,-1
577,-1,0.05,51.61,96.85,58.09,0.84,-1,-1,-1
577,-1,208.22,21.68,57.08,34.16,0.72,-1,-1,-1
578,-1,208.34,21.74,56.87,33.97,0.73,-1,-1,-1
578,-1,1.01,51.61,87.40,58.27,0.58,-1,-1,-1
579,-1,208.35,21.81,57.05,33.68,0.74,-1,-1,-1
579,-1,1.06,51.35,80.27,58.75,0.64,-1,-1,-1
580,-1,208.37,21.76,57.23,33.44,0.73,-1,-1,-1
580,-1,1.21,49.00,72.92,58.63,0.54,-1,-1,-1
581,-1,208.46,21.85,57.01,33.17,0.74,-1,-1,-1
582,-1,208.43,21.96,56.96,33.32,0.70,-1,-1,-1
583,-1,208.33,21.96,57.34,33.55,0.63,-1,-1,-1
584,-1,208.44,21.91,56.67,33.01,0.61,-1,-1,-1
